BL9005-1
      0  80.1  69.0   0.0   0.0  1.00

AF     171.8  65.7 171.8  65.7 1.45E-02 000.4 180.7 -03.3 0.857474 0.944805 0.229654 verhooge 2010-03-16 14:22:46 
AF 100 174.2  58.7 174.2  58.7 9.17E-03 000.6 182.2 -10.2 0.300093 0.914063 0.323842 verhooge 2010-03-16 14:26:23 
AF 200 177.4  58.5 177.4  58.5 4.28E-03 001.2 183.9 -10.3 0.883526 0.810267 0.359068 verhooge 2010-03-16 14:30:07 
AF 300 176.2  56.0 176.2  56.0 2.34E-03 001.8 183.5 -12.9 0.281679 0.641487 0.332967 verhooge 2010-03-16 14:33:59 
AF 450 172.4  56.8 172.4  56.8 1.45E-03 003.1 181.3 -12.2 0.464071 0.698425 0.315762 verhooge 2010-03-16 14:38:02 
AF 600 172.1  52.5 172.1  52.5 1.06E-03 003.9 181.3 -16.5 0.604785 0.580815 0.307793 verhooge 2010-03-16 14:42:17 
AF 800 165.0  55.6 165.0  55.6 9.03E-04 005.4 177.0 -13.3 0.370750 0.828394 0.310753 verhooge 2010-03-16 14:46:48 
