BL9003-1
      0  70.6  70.0   0.0   0.0  1.00

AF     181.3  64.4 181.3  64.4 7.19E-03 000.5 188.8 -04.1 0.633564 0.634770 0.114450 verhooge 2010-03-16 13:29:00 
AF 100 183.7  61.6 183.7  61.6 6.01E-03 001.2 190.8 -06.3 0.315680 1.222314 0.382442 verhooge 2010-03-16 13:32:36 
AF 200 181.8  60.5 181.8  60.5 4.64E-03 001.3 190.4 -07.7 0.097384 1.024704 0.364715 verhooge 2010-03-16 13:36:21 
AF 300 181.5  60.9 181.5  60.9 3.78E-03 001.2 190.1 -07.3 0.699190 0.679890 0.348496 verhooge 2010-03-16 13:40:13 
AF 450 178.3  59.7 178.3  59.7 3.01E-03 001.2 188.9 -09.0 0.650428 0.539254 0.338706 verhooge 2010-03-16 13:44:16 
AF 600 179.3  59.8 179.3  59.8 2.51E-03 002.3 189.4 -08.7 0.149714 0.951002 0.330960 verhooge 2010-03-16 13:48:30 
AF 800 175.0  58.6 175.0  58.6 2.21E-03 002.5 187.6 -10.5 0.833606 0.903310 0.325804 verhooge 2010-03-16 13:53:01 
