BL9002-1
      0 118.2  83.0   0.0   0.0  1.00

AF     156.7  61.3 156.7  61.3 8.74E-03 000.7 157.5 -11.0 0.370946 1.102265 0.429529 verhooge 2010-03-16 13:02:09 
AF 100 164.6  60.0 164.6  60.0 7.25E-03 000.7 159.1 -14.7 0.973206 0.743756 0.405897 verhooge 2010-03-16 13:05:45 
AF 200 165.2  59.9 165.2  59.9 5.65E-03 001.0 159.2 -15.0 1.242282 0.650722 0.380936 verhooge 2010-03-16 13:09:29 
AF 300 165.5  58.3 165.5  58.3 4.58E-03 000.8 158.2 -16.3 1.042878 0.525666 0.363518 verhooge 2010-03-16 13:13:21 
AF 450 164.7  57.7 164.7  57.7 3.75E-03 001.4 157.4 -16.4 0.919822 0.793818 0.348689 verhooge 2010-03-16 13:17:24 
AF 600 162.0  56.9 162.0  56.9 3.29E-03 001.0 155.8 -15.8 0.809921 0.378481 0.342068 verhooge 2010-03-16 13:21:38 
AF 800 162.1  56.0 162.1  56.0 2.79E-03 001.3 155.1 -16.5 0.836691 0.428773 0.336178 verhooge 2010-03-16 13:26:09 
