BL9009-1
      0  90.0  65.5   0.0   0.0  1.00

AF     106.7  84.1 106.7  84.1 1.49E-02 000.6 173.9  22.7 0.522708 1.399662 0.211184 verhooge 2010-03-16 16:10:19 
AF 100 151.1  64.2 151.1  64.2 6.43E-03 000.7 167.9  01.5 0.909632 0.730389 0.100719 verhooge 2010-03-16 16:13:55 
AF 200 150.8  59.9 150.8  59.9 2.89E-03 001.1 165.8 -02.3 0.403706 0.548956 0.047324 verhooge 2010-03-16 16:17:40 
AF 300 153.2  58.6 153.2  58.6 1.49E-03 001.0 166.4 -04.0 0.419591 0.258655 0.024489 verhooge 2010-03-16 16:21:32 
AF 450 156.0  51.9 156.0  51.9 7.06E-04 004.2 165.2 -10.8 0.739580 0.259111 0.300612 verhooge 2010-03-16 16:25:35 
AF 600 137.9  45.4 137.9  45.4 4.17E-04 003.4 151.5 -10.3 0.812800 0.261636 0.006213 verhooge 2010-03-16 16:29:50 
AF 800 141.2  46.1 141.2  46.1 2.43E-04 006.2 153.7 -11.1 0.783949 0.265595 0.010470 verhooge 2010-03-16 16:34:21 
