3.583000000000000114e+02 5.860000000000000142e+01
3.578999999999999773e+02 4.270000000000000284e+01
2.945000000000000000e+02 -1.140000000000000036e+01
3.451999999999999886e+02 5.329999999999999716e+01
1.689999999999999858e+01 6.120000000000000284e+01
8.099999999999999645e+00 3.729999999999999716e+01
3.250000000000000000e+01 5.150000000000000000e+01
3.496000000000000227e+02 7.020000000000000284e+01
3.458000000000000114e+02 6.400000000000000000e+01
3.528999999999999773e+02 6.629999999999999716e+01
3.510000000000000000e+02 6.300000000000000000e+01
3.491999999999999886e+02 6.559999999999999432e+01
1.059999999999999964e+01 5.570000000000000284e+01
1.150000000000000000e+01 2.660000000000000142e+01
1.480000000000000071e+01 6.089999999999999858e+01
3.588000000000000114e+02 6.640000000000000568e+01
4.400000000000000355e+00 2.769999999999999929e+01
3.501000000000000227e+02 7.470000000000000284e+01
1.789999999999999858e+01 7.590000000000000568e+01
1.540000000000000036e+01 3.520000000000000284e+01
