isaf2.fix       
LAT:   .00  LON:    .00
    ID     TREAT  I  CD    J    CDECL CINCL  GDECL GINCL  BDECL BINCL  SUSC  M/V
________________________________________________________________________________
is031c2       .0  SD  0 461.600 163.9  17.5  337.1  74.5  319.1  74.4    .0   .0
is031c2      2.5  SD  0 457.000 164.1  17.4  337.5  74.7  319.1  74.7    .0   .0
is031c2      5.0  SD  0 449.400 163.8  17.4  337.5  74.4  319.5  74.4    .0   .0
is031c2      7.5  SD  0 442.400 163.6  17.4  337.6  74.2  319.8  74.2    .0   .0
is031c2     10.0  SD  0 433.700 163.5  17.4  337.6  74.1  319.9  74.1    .0   .0
is031c2     12.5  SD  0 425.300 163.9  17.5  337.1  74.5  319.1  74.4    .0   .0
is031c2     15.0  SD  0 416.800 163.8  17.7  336.4  74.4  318.5  74.3    .0   .0
is031c2     20.0  SD  0 399.000 163.6  17.5  337.2  74.2  319.5  74.2    .0   .0
is031c2     25.0  SD  0 376.500 163.9  17.8  336.0  74.5  318.0  74.3    .0   .0
is031c2     30.0  SD  0 351.900 163.9  17.8  336.0  74.5  318.0  74.3    .0   .0
is031c2     40.0  SD  0 294.299 164.3  18.0  335.2  74.9  316.8  74.6    .0   .0
is031c2     60.0  SD  0 203.497 163.9  18.2  334.5  74.5  316.7  74.2    .0   .0
is031c2     80.0  SD  0 146.739 164.2  17.9  335.6  74.8  317.3  74.5    .0   .0
is031c2    100.0  SD  0 83.5297 163.2  18.0  335.5  73.8  318.3  73.6    .0   .0
is031c2    120.0  SD  0 67.9760 163.0  17.6  337.0  73.7  319.9  73.6    .0   .0
is031c2    150.0  SD  0 54.4092 162.7  17.0  339.1  73.4  322.2  73.5    .0   .0
is031c2    180.0  SD  2 44.8799 161.5  17.3  338.2  72.2  322.5  72.4    .0   .0

is031d2       .0  SD  0 207.297 155.4  18.3  333.8  66.4  322.4  66.3    .0   .0
is031d2      2.5  SD  1 198.400 157.1  18.2  333.9  68.0  321.5  67.9    .0   .0
is031d2      5.0  SD  1 182.300 158.8  18.3  333.4  69.6  320.0  69.4    .0   .0
is031d2      7.5  SD  1 167.500 159.0  18.4  333.1  69.8  319.6  69.6    .0   .0
is031d2     10.0  SD  0 152.300 159.3  18.6  332.5  70.1  318.8  69.8    .0   .0
is031d2     12.5  SD  1 137.600 159.8  18.6  332.4  70.6  318.3  70.2    .0   .0
is031d2     15.0  SD  0 125.900 159.9  18.8  331.7  70.6  317.7  70.3    .0   .0
is031d2     20.0  SD  0 109.850 160.3  18.9  331.3  71.0  317.0  70.6    .0   .0
is031d2     25.0  SD  1 97.0900 159.2  19.2  330.8  69.9  317.2  69.5    .0   .0
is031d2     30.0  SD  1 87.2700 160.0  19.0  331.1  70.7  317.0  70.3    .0   .0
is031d2     40.0  SD  0 73.2791 160.1  19.8  328.7  70.7  314.7  70.1    .0   .0
is031d2     60.0  SD  0 56.3639 160.0  19.5  329.6  70.6  315.6  70.1    .0   .0
is031d2     80.0  SD  0 34.1946 159.6  19.4  330.0  70.3  316.3  69.8    .0   .0
is031d2    100.0  SD  0 27.2896 159.4  19.2  330.7  70.1  317.1  69.7    .0   .0
is031d2    120.0  SD  0 21.5093 160.7  18.6  332.1  71.4  317.4  71.0    .0   .0
is031d2    150.0  SD  2 16.3686 160.8  16.4  339.1  71.6  323.9  71.8    .0   .0

is031e2       .0  SD  1 448.900 164.0  21.8  336.3  75.0  317.7  74.8    .0   .0
is031e2      2.5  SD  1 416.400 163.3  22.7  333.2  74.2  315.7  73.8    .0   .0
is031e2      5.0  SD  1 374.800 162.1  22.5  334.3  73.1  317.9  72.9    .0   .0
is031e2      7.5  SD  1 338.900 162.2  23.0  332.5  73.2  316.2  72.8    .0   .0
is031e2     10.0  SD  1 300.900 162.5  23.1  332.1  73.4  315.5  73.0    .0   .0
is031e2     12.5  SD  0 273.800 162.4  23.6  330.4  73.3  314.1  72.7    .0   .0
is031e2     15.0  SD  0 249.200 161.5  23.9  329.8  72.4  314.4  71.8    .0   .0
is031e2     20.0  SD  0 217.800 161.9  24.1  329.0  72.7  313.3  72.1    .0   .0
is031e2     25.0  SD  0 194.700 161.8  24.0  329.3  72.7  313.7  72.0    .0   .0
is031e2     30.0  SD  0 175.800 162.5  25.0  325.6  73.1  309.9  72.1    .0   .0
is031e2     40.0  SD  0 149.999 161.7  24.5  327.8  72.5  312.4  71.7    .0   .0
is031e2     60.0  SD  0 119.043 162.5  24.3  327.9  73.2  311.9  72.4    .0   .0
is031e2     80.0  SD  0 80.4248 161.7  23.4  331.4  72.7  315.6  72.2    .0   .0
is031e2    100.0  SD  0 66.2849 162.7  23.0  332.3  73.6  315.5  73.2    .0   .0
is031e2    120.0  SD  0 55.6590 162.6  21.9  336.3  73.6  319.2  73.5    .0   .0
is031e2    150.0  SD  0 42.1296 163.8  21.3  338.3  74.8  319.8  74.8    .0   .0

is031f1       .0  SD  1 411.600 169.4  -1.4  331.6  74.5  314.0  73.9    .0   .0
is031f1      2.5  SD  1 400.800 170.0  -2.0  334.8  74.4  317.0  74.1    .0   .0
is031f1      5.0  SD  1 381.200 168.9  -2.4  332.7  73.4  316.2  73.0    .0   .0
is031f1      7.5  SD  1 362.400 168.9  -2.5  332.9  73.3  316.4  72.9    .0   .0
is031f1     10.0  SD  1 345.900 169.2  -2.7  334.2  73.4  317.6  73.1    .0   .0
is031f1     12.5  SD  1 329.900 168.3  -2.6  331.6  72.8  315.7  72.4    .0   .0
is031f1     15.0  SD  1 315.400 168.4  -2.7  332.1  72.8  316.1  72.4    .0   .0
is031f1     20.0  SD  1 285.000 168.5  -2.5  331.9  73.0  315.7  72.6    .0   .0
is031f1     25.0  SD  1 255.600 168.4  -2.6  331.9  72.9  315.9  72.5    .0   .0
is031f1     30.0  SD  1 223.700 168.1  -2.3  330.5  72.9  314.5  72.3    .0   .0
is031f1     40.0  SD  0 164.149 167.8  -2.4  330.0  72.6  314.3  72.0    .0   .0
is031f1     60.0  SD  0 95.8429 167.6  -2.3  329.2  72.6  313.7  71.9    .0   .0
is031f1     80.0  SD  1 61.6528 167.5  -2.7  329.9  72.2  314.7  71.6    .0   .0
is031f1    100.0  SD  1 43.5613 168.2  -3.1  332.5  72.4  316.9  72.0    .0   .0
is031f1    120.0  SD  0 33.3892 168.4  -3.0  332.8  72.6  317.0  72.2    .0   .0

is032c1       .0  SD  1 273.500 164.8 -21.1  341.9  47.2  336.5  48.1    .0   .0
is032c1      2.5  SD  1 271.800 165.3 -21.2  342.6  47.3  337.2  48.2    .0   .0
is032c1      5.0  SD  1 262.700 164.5 -22.3  342.1  46.0  337.0  46.9    .0   .0
is032c1      7.5  SD  1 249.300 164.6 -23.3  342.8  45.1  337.8  46.1    .0   .0
is032c1     10.0  SD  1 235.600 164.2 -24.3  342.8  44.0  338.0  45.0    .0   .0
is032c1     12.5  SD  1 220.300 164.8 -25.0  343.9  43.6  339.1  44.7    .0   .0
is032c1     15.0  SD  1 204.200 164.1 -25.6  343.3  42.8  338.7  43.8    .0   .0
is032c1     20.0  SD  1 171.100 163.6 -26.3  343.1  42.0  338.6  43.0    .0   .0
is032c1     25.0  SD  1 140.200 163.5 -26.9  343.3  41.4  338.9  42.4    .0   .0
is032c1     30.0  SD  1 117.100 163.2 -27.6  343.3  40.6  339.0  41.7    .0   .0
is032c1     40.0  SD  0 87.9711 161.1 -28.7  341.6  38.9  337.5  39.8    .0   .0
is032c1     60.0  SD  0 63.3314 158.6 -29.7  339.6  37.1  335.8  37.9    .0   .0
is032c1     80.0  SD  2 50.1947 154.4 -30.3  335.9  34.9  332.4  35.3    .0   .0
is032c1    100.0  SD  2 41.7075 150.8 -30.5  332.9  33.1  329.6  33.3    .0   .0
is032c1    120.0  SD  1 36.4344 146.1 -32.0  330.1  29.5  327.2  29.5    .0   .0
is032c1    150.0  SD  0 31.0280 141.0 -32.2  326.4  26.6  323.9  26.3    .0   .0
is032c1    180.0  SD  2 26.9521 134.7 -30.8  321.1  23.9  319.0  23.1    .0   .0

is032d2       .0  SD  1 250.400 184.6 -12.9    7.0  49.9    1.9  52.8    .0   .0
is032d2      2.5  SD  1 249.500 184.6 -13.0    6.9  49.8    1.9  52.7    .0   .0
is032d2      5.0  SD  1 246.300 184.9 -13.3    7.3  49.4    2.4  52.4    .0   .0
is032d2      7.5  SD  0 242.000 184.5 -13.8    6.7  49.0    1.7  51.9    .0   .0
is032d2     10.0  SD  1 236.000 184.4 -14.3    6.4  48.5    1.6  51.4    .0   .0
is032d2     12.5  SD  0 229.800 185.2 -14.9    7.5  47.8    2.8  50.7    .0   .0
is032d2     15.0  SD  0 223.700 185.5 -15.3    7.8  47.4    3.2  50.3    .0   .0
is032d2     20.0  SD  0 207.600 183.7 -15.9    5.2  46.9    0.5  49.7    .0   .0
is032d2     25.0  SD  0 189.000 183.2 -16.5    4.5  46.4  359.8  49.1    .0   .0
is032d2     30.0  SD  0 171.100 184.1 -16.9    5.6  45.9    1.2  48.7    .0   .0
is032d2     40.0  SD  0 140.243 183.0 -17.6    4.1  45.3  359.6  48.0    .0   .0
is032d2     60.0  SD  0 109.845 181.9 -18.0    2.6  45.0  358.1  47.6    .0   .0
is032d2     80.0  SD  1 92.2734 181.0 -18.3    1.3  44.7  356.9  47.2    .0   .0
is032d2    100.0  SD  0 66.3768 178.2 -18.2  357.6  44.8  353.0  47.0    .0   .0
is032d2    120.0  SD  0 60.1872 176.6 -18.4  355.5  44.5  350.8  46.5    .0   .0
is032d2    150.0  SD  0 51.3890 174.3 -18.7  352.5  44.0  347.8  45.8    .0   .0
is032d2    180.0  SD  2 43.9678 172.3 -18.5  349.8  43.9  345.2  45.5    .0   .0

is032f1       .0  SD  0 189.899 204.2  -0.1  359.0  48.3  353.8  50.6    .0   .0
is032f1      2.5  SD  0 189.245 203.5  -0.2  358.0  48.5  352.7  50.7    .0   .0
is032f1      5.0  SD  1 185.900 205.7  -0.7    0.5  47.0  355.6  49.4    .0   .0
is032f1      7.5  SD  0 181.094 202.6  -1.3  356.0  48.0  350.8  50.1    .0   .0
is032f1     10.0  SD  1 175.300 204.3  -1.9  357.8  46.6  352.9  48.9    .0   .0
is032f1     12.5  SD  0 169.799 204.3  -2.3  357.5  46.3  352.6  48.5    .0   .0
is032f1     15.0  SD  1 163.800 204.9  -3.0  357.8  45.4  353.1  47.6    .0   .0
is032f1     20.0  SD  1 150.200 203.9  -3.7  356.1  45.3  351.3  47.4    .0   .0
is032f1     25.0  SD  1 138.000 206.0  -4.3  358.2  43.7  353.8  46.0    .0   .0
is032f1     30.0  SD  1 125.500 205.7  -5.2  357.3  43.1  352.9  45.3    .0   .0
is032f1     40.0  SD  0 102.349 204.7  -5.3  356.0  43.5  351.5  45.6    .0   .0
is032f1     60.0  SD  0 76.4479 204.6  -5.6  355.7  43.3  351.2  45.3    .0   .0
is032f1     80.0  SD  1 63.3003 205.0  -6.0  355.9  42.7  351.5  44.8    .0   .0
is032f1    100.0  SD  1 46.3861 203.6  -6.0  354.2  43.4  349.7  45.3    .0   .0
is032f1    120.0  SD  0 42.4348 202.8  -6.1  353.2  43.6  348.6  45.5    .0   .0
is032f1    150.0  SD  0 37.4395 202.0  -5.9  352.3  44.1  347.6  45.9    .0   .0
is032f1    180.0  SD  2 33.0929 201.0  -5.2  351.4  45.2  346.6  46.9    .0   .0

is032i2       .0  SD  1 248.600 141.9  15.5  340.7  48.5  335.1  49.2    .0   .0
is032i2      2.5  SD  1 247.500 139.1  15.6  342.0  45.9  336.8  46.8    .0   .0
is032i2      5.0  SD  1 241.700 140.9  15.7  341.0  47.5  335.5  48.3    .0   .0
is032i2      7.5  SD  0 233.700 139.5  15.7  341.7  46.2  336.4  47.1    .0   .0
is032i2     10.0  SD  0 222.200 138.8  16.0  341.6  45.5  336.5  46.4    .0   .0
is032i2     12.5  SD  0 212.600 138.4  15.8  342.0  45.2  337.0  46.1    .0   .0
is032i2     15.0  SD  0 199.900 138.4  15.6  342.3  45.3  337.3  46.2    .0   .0
is032i2     20.0  SD  0 175.300 135.6  15.8  343.3  42.7  338.7  43.7    .0   .0
is032i2     25.0  SD  0 147.900 137.4  15.1  343.4  44.5  338.5  45.6    .0   .0
is032i2     30.0  SD  0 124.800 138.8  14.5  343.6  46.0  338.5  47.0    .0   .0
is032i2     40.0  SD  0 89.2324 136.8  14.5  344.5  44.2  339.6  45.3    .0   .0
is032i2     60.0  SD  0 57.5919 135.5  12.3  347.9  43.6  343.2  45.0    .0   .0
is032i2     80.0  SD  1 35.0820 132.1  10.9  350.8  40.6  346.6  42.3    .0   .0
is032i2    100.0  SD  1 29.5517 130.9   9.7  352.6  39.7  348.6  41.6    .0   .0
is032i2    120.0  SD  1 26.8876 129.1   8.8  354.2  38.1  350.4  40.1    .0   .0
is032i2    150.0  SD  1 23.6432 127.5   7.3  356.3  36.8  352.8  39.0    .0   .0

is033b2       .0  SD  0 252.800 147.4 -10.7    8.4  57.7    1.6  60.7    .0   .0
is033b2      2.5  SD  0 250.500 146.9 -11.1    9.1  57.2    2.5  60.2    .0   .0
is033b2      5.0  SD  0 240.000 145.8 -11.6    9.9  56.1    3.7  59.2    .0   .0
is033b2      7.5  SD  0 229.700 144.7 -12.0   10.5  55.0    4.6  58.2    .0   .0
is033b2     10.0  SD  0 219.500 144.5 -12.7   11.7  54.8    5.9  58.0    .0   .0
is033b2     12.5  SD  0 210.600 144.7 -13.2   12.6  54.9    6.9  58.2    .0   .0
is033b2     15.0  SD  0 200.800 143.6 -13.5   13.0  53.9    7.5  57.2    .0   .0
is033b2     20.0  SD  0 181.900 143.8 -13.7   13.3  54.0    7.8  57.4    .0   .0
is033b2     25.0  SD  0 161.100 143.4 -14.1   13.9  53.6    8.6  57.0    .0   .0
is033b2     30.0  SD  0 144.100 142.8 -14.0   13.7  53.0    8.4  56.4    .0   .0
is033b2     40.0  SD  0 114.645 143.3 -14.6   14.8  53.5    9.5  56.9    .0   .0
is033b2     60.0  SD  0 83.6494 143.2 -14.5   14.6  53.4    9.3  56.8    .0   .0
is033b2     80.0  SD  1 66.2685 142.8 -14.6   14.7  53.0    9.5  56.4    .0   .0
is033b2    100.0  SD  0 39.9232 142.6 -14.4   14.3  52.8    9.2  56.2    .0   .0
is033b2    120.0  SD  0 33.8296 142.4 -14.5   14.4  52.6    9.3  56.0    .0   .0
is033b2    150.0  SD  0 26.1596 141.8 -14.9   15.0  52.0   10.1  55.4    .0   .0
is033b2    180.0  SD  2 21.1838 140.8 -14.4   14.0  51.1    9.2  54.5    .0   .0

is033c2       .0  SD  0 132.900 169.2 -17.5   15.5  55.8    9.8  59.3    .0   .0
is033c2      2.5  SD  1 131.700 169.3 -17.9   15.8  55.5   10.3  58.9    .0   .0
is033c2      5.0  SD  1 124.935 168.1 -19.5   14.9  53.6    9.6  57.0    .0   .0
is033c2      7.5  SD  0 119.800 168.3 -21.0   16.0  52.2   11.1  55.7    .0   .0
is033c2     10.0  SD  0 115.800 168.5 -21.7   16.6  51.6   11.9  55.2    .0   .0
is033c2     12.5  SD  0 113.600 169.0 -22.3   17.6  51.2   13.1  54.8    .0   .0
is033c2     15.0  SD  1 110.500 168.8 -22.1   17.3  51.3   12.6  54.9    .0   .0
is033c2     20.0  SD  0 104.300 169.3 -22.2   18.0  51.4   13.4  55.0    .0   .0
is033c2     25.0  SD  1 96.1400 169.4 -22.1   18.1  51.5   13.5  55.1    .0   .0
is033c2     30.0  SD  0 87.1900 170.7 -22.2   20.0  51.7   15.6  55.5    .0   .0
is033c2     40.0  SD  0 69.0332 170.7 -22.1   20.0  51.8   15.5  55.6    .0   .0
is033c2     60.0  SD  1 44.6942 169.9 -21.8   18.7  51.9   14.1  55.6    .0   .0
is033c2     80.0  SD  1 31.7318 168.4 -21.9   16.6  51.4   11.9  54.9    .0   .0
is033c2    100.0  SD  1 20.1915 166.7 -20.7   13.5  52.0    8.5  55.3    .0   .0
is033c2    120.0  SD  1 18.2472 165.9 -21.9   13.1  50.6    8.3  53.9    .0   .0
is033c2    150.0  SD  1 15.6824 166.3 -18.8   11.8  53.6    6.3  56.8    .0   .0
is033c2    180.0  SD  3 13.2361 167.2 -20.4   14.1  52.4    9.0  55.8    .0   .0

is033e2       .0  SD  0 137.500 150.1  30.8   15.6  64.4    7.3  67.8    .0   .0
is033e2      2.5  SD  1 136.000 151.1  30.8   15.9  65.3    7.2  68.7    .0   .0
is033e2      5.0  SD  1 127.100 150.8  30.5   16.5  65.0    8.1  68.4    .0   .0
is033e2      7.5  SD  0 116.147 148.4  29.2   18.6  62.7   11.3  66.3    .0   .0
is033e2     10.0  SD  0 103.100 147.5  28.2   20.3  61.7   13.6  65.4    .0   .0
is033e2     12.5  SD  0 93.4500 145.8  27.3   21.3  60.0   15.2  63.8    .0   .0
is033e2     15.0  SD  0 83.9800 145.5  27.3   21.2  59.8   15.1  63.6    .0   .0
is033e2     20.0  SD  0 70.5700 143.5  26.1   22.4  57.7   17.0  61.6    .0   .0
is033e2     25.0  SD  0 57.6500 142.9  25.9   22.5  57.1   17.2  61.0    .0   .0
is033e2     30.0  SD  0 48.6000 139.3  24.2   23.5  53.5   19.0  57.5    .0   .0
is033e2     40.0  SD  0 32.4127 139.8  23.7   24.5  53.8   20.1  57.8    .0   .0
is033e2     60.0  SD  1 13.2300 134.6  24.6   20.5  49.6   16.4  53.4    .0   .0
is033e2     80.0  SD  1 9.34327 133.7  23.4   21.8  48.4   18.0  52.3    .0   .0

is033g1       .0  SD  1 154.000 180.5   9.7   14.4  69.7    3.0  72.9    .0   .0
is033g1      2.5  SD  1 148.700 180.4   9.1   14.1  69.1    3.1  72.3    .0   .0
is033g1      5.0  SD  1 130.600 181.6   7.3   17.1  67.3    7.6  70.7    .0   .0
is033g1      7.5  SD  1 113.500 181.8   6.7   17.5  66.6    8.4  70.1    .0   .0
is033g1     10.0  SD  1 95.1400 182.1   3.1   17.6  63.0   10.1  66.6    .0   .0
is033g1     12.5  SD  1 82.3700 183.1   1.5   19.5  61.3   12.7  65.0    .0   .0
is033g1     15.0  SD  1 71.5100 184.0   0.1   21.0  59.9   14.9  63.6    .0   .0
is033g1     20.0  SD  1 55.1300 185.7  -1.3   23.9  58.2   18.5  62.2    .0   .0
is033g1     25.0  SD  1 42.9800 186.3  -2.8   24.5  56.7   19.6  60.7    .0   .0
is033g1     30.0  SD  1 34.6700 187.1  -3.0   25.9  56.3   21.1  60.4    .0   .0
is033g1     40.0  SD  1 24.6229 188.8  -4.8   28.1  54.2   24.0  58.4    .0   .0
is033g1     60.0  SD  2 17.2222 190.9  -5.3   31.3  53.2   27.8  57.5    .0   .0
is033g1     80.0  SD  2 13.6457 193.9  -4.6   36.4  52.9   33.5  57.5    .0   .0

is034c2       .0  SD  0 235.600 165.4 -16.7   42.0  57.9   39.2  62.6    .0   .0
is034c2      2.5  SD  0 231.800 165.5 -17.3   42.7  57.4   40.1  62.2    .0   .0
is034c2      5.0  SD  1 223.300 166.4 -18.1   44.7  57.0   42.5  61.9    .0   .0
is034c2      7.5  SD  0 216.300 166.0 -18.9   44.7  56.2   42.6  61.0    .0   .0
is034c2     10.0  SD  0 207.700 165.7 -19.1   44.4  55.9   42.2  60.7    .0   .0
is034c2     12.5  SD  1 199.300 165.1 -19.3   43.7  55.4   41.4  60.2    .0   .0
is034c2     15.0  SD  0 189.900 164.5 -19.2   42.7  55.3   40.3  60.0    .0   .0
is034c2     20.0  SD  1 171.700 163.7 -20.3   42.4  53.9   40.2  58.7    .0   .0
is034c2     25.0  SD  1 154.100 164.6 -20.4   43.8  54.2   41.7  59.0    .0   .0
is034c2     30.0  SD  0 140.200 164.1 -20.6   43.2  53.8   41.1  58.6    .0   .0
is034c2     40.0  SD  1 119.382 163.2 -20.6   42.0  53.5   39.7  58.2    .0   .0
is034c2     60.0  SD  0 97.7236 164.1 -20.9   43.5  53.6   41.3  58.4    .0   .0
is034c2     80.0  SD  0 82.6302 163.4 -21.0   42.6  53.2   40.4  58.0    .0   .0
is034c2    100.0  SD  1 52.9567 163.1 -20.3   41.6  53.7   39.2  58.4    .0   .0
is034c2    120.0  SD  0 43.8627 162.0 -20.4   40.2  53.1   37.7  57.8    .0   .0
is034c2    150.0  SD  0 34.3841 162.1 -19.8   39.8  53.6   37.2  58.3    .0   .0
is034c2    180.0  SD  0 28.1340 160.9 -19.2   37.6  53.6   34.8  58.2    .0   .0

is034d2       .0  SD  0 248.700 192.4   4.0   50.5  62.4   48.8  67.3    .0   .0
is034d2      2.5  SD  0 244.600 193.6   3.6   52.5  61.5   51.2  66.5    .0   .0
is034d2      5.0  SD  0 228.300 192.7   2.8   50.1  61.2   48.4  66.1    .0   .0
is034d2      7.5  SD  0 217.000 193.8   1.7   51.2  59.7   49.8  64.6    .0   .0
is034d2     10.0  SD  1 205.400 192.8   1.1   48.9  59.5   47.1  64.5    .0   .0
is034d2     12.5  SD  1 194.300 195.1   0.5   52.5  58.1   51.4  63.0    .0   .0
is034d2     15.0  SD  1 184.900 196.0   0.0   53.6  57.2   52.7  62.2    .0   .0
is034d2     20.0  SD  0 165.800 196.0  -1.2   52.6  56.1   51.7  61.1    .0   .0
is034d2     25.0  SD  0 146.700 196.0  -1.2   52.6  56.1   51.7  61.1    .0   .0
is034d2     30.0  SD  0 128.300 197.1  -1.9   53.8  55.0   53.1  60.0    .0   .0
is034d2     40.0  SD  1 99.1200 197.5  -2.0   54.4  54.8   53.7  59.7    .0   .0
is034d2     60.0  SD  0 67.0024 197.1  -2.8   53.2  54.2   52.3  59.2    .0   .0
is034d2     80.0  SD  0 35.7796 194.2  -2.9   48.5  55.3   46.9  60.2    .0   .0
is034d2    100.0  SD  0 27.7932 195.0  -2.0   50.4  55.8   49.1  60.8    .0   .0
is034d2    120.0  SD  0 24.5784 194.1  -1.7   49.2  56.5   47.6  61.4    .0   .0
is034d2    150.0  SD  1 19.3820 192.8  -2.9   46.2  55.8   44.3  60.7    .0   .0

is034e1       .0  SD  0 339.400 207.5  -1.3   48.4  56.8   46.7  61.7    .0   .0
is034e1      2.5  SD  0 330.600 209.2  -1.3   50.2  55.4   48.8  60.3    .0   .0
is034e1      5.0  SD  1 317.500 209.2  -2.2   48.9  54.9   47.4  59.8    .0   .0
is034e1      7.5  SD  1 301.500 210.0  -2.5   49.3  54.0   47.9  59.0    .0   .0
is034e1     10.0  SD  1 284.000 210.4  -2.8   49.3  53.5   47.9  58.5    .0   .0
is034e1     12.5  SD  0 265.800 210.7  -2.8   49.6  53.3   48.3  58.2    .0   .0
is034e1     15.0  SD  0 250.300 211.2  -2.9   49.9  52.8   48.7  57.8    .0   .0
is034e1     20.0  SD  0 222.000 210.4  -2.8   49.3  53.5   47.9  58.5    .0   .0
is034e1     25.0  SD  0 199.100 210.7  -3.1   49.1  53.1   47.8  58.0    .0   .0
is034e1     30.0  SD  0 181.200 210.9  -3.0   49.5  53.0   48.2  57.9    .0   .0
is034e1     40.0  SD  0 151.649 210.8  -3.0   49.4  53.1   48.1  58.0    .0   .0
is034e1     60.0  SD  0 110.992 211.1  -3.0   49.7  52.9   48.4  57.8    .0   .0
is034e1     80.0  SD  0 85.3693 211.6  -2.9   50.3  52.5   49.1  57.4    .0   .0
is034e1    100.0  SD  0 66.0330 210.4  -3.2   48.7  53.3   47.3  58.2    .0   .0
is034e1    120.0  SD  0 53.7225 210.6  -2.9   49.3  53.3   48.0  58.2    .0   .0
is034e1    150.0  SD  0 42.1091 210.7  -3.1   49.1  53.1   47.8  58.0    .0   .0
is034e1    180.0  SD  1 35.4400 210.2  -3.0   48.8  53.6   47.4  58.5    .0   .0

is034f2       .0  SD  1 221.900 170.7  -4.6   44.7  59.1   42.3  63.9    .0   .0
is034f2      2.5  SD  1 221.000 170.0  -4.8   43.6  58.7   41.0  63.4    .0   .0
is034f2      5.0  SD  1 214.400 169.2  -5.4   42.5  57.8   39.8  62.6    .0   .0
is034f2      7.5  SD  1 206.400 169.5  -5.6   43.1  57.7   40.6  62.5    .0   .0
is034f2     10.0  SD  1 192.600 170.8  -6.1   45.7  57.6   43.6  62.5    .0   .0
is034f2     12.5  SD  0 178.300 169.9  -6.7   44.4  56.8   42.2  61.6    .0   .0
is034f2     15.0  SD  0 162.200 170.7  -6.8   45.9  56.9   43.8  61.8    .0   .0
is034f2     20.0  SD  1 130.600 170.4  -8.2   46.1  55.5   44.1  60.4    .0   .0
is034f2     25.0  SD  0 100.300 170.7  -8.3   46.6  55.5   44.8  60.4    .0   .0
is034f2     30.0  SD  2 77.8400 170.2  -9.1   46.1  54.6   44.3  59.4    .0   .0
is034f2     40.0  SD  0 44.7429 169.2  -9.9   44.9  53.5   43.0  58.4    .0   .0
is034f2     60.0  SD  1 15.0900 168.9 -10.7   44.8  52.7   42.9  57.5    .0   .0
is034f2     80.0  SD  2 11.4563 168.0 -11.2   43.7  52.0   41.7  56.8    .0   .0

is035a1       .0  SD  0 288.500 184.4 -18.9   59.8  61.8   60.0  66.8    .0   .0
is035a1      2.5  SD  1 284.400 183.8 -19.1   58.6  61.7   58.5  66.7    .0   .0
is035a1      5.0  SD  1 264.000 184.7 -20.9   59.7  59.7   59.9  64.7    .0   .0
is035a1      7.5  SD  0 240.600 185.5 -22.6   60.6  57.9   60.9  62.9    .0   .0
is035a1     10.0  SD  1 227.400 184.9 -23.5   59.3  57.1   59.4  62.1    .0   .0
is035a1     12.5  SD  1 216.200 185.1 -23.5   59.6  57.1   59.7  62.1    .0   .0
is035a1     15.0  SD  1 205.400 184.2 -23.7   58.1  57.0   57.9  62.0    .0   .0
is035a1     20.0  SD  1 179.600 184.2 -23.4   58.2  57.3   58.0  62.3    .0   .0
is035a1     25.0  SD  1 156.700 184.2 -23.7   58.1  57.0   57.9  62.0    .0   .0
is035a1     30.0  SD  1 135.700 183.7 -23.5   57.3  57.3   57.0  62.3    .0   .0
is035a1     40.0  SD  1 109.041 183.1 -24.0   56.2  56.9   55.7  61.9    .0   .0
is035a1     60.0  SD  1 83.9875 181.7 -24.4   53.8  56.6   53.0  61.5    .0   .0
is035a1     80.0  SD  0 68.7400 181.1 -24.6   52.8  56.4   51.8  61.3    .0   .0

is035g1       .0  SD  1 185.100 254.4   6.2  104.3  16.1  105.4  19.6    .0   .0
is035g1      2.5  SD  1 164.700 245.4   7.6   99.6  24.0  101.2  27.7    .0   .0
is035g1      5.0  SD  0 128.000 213.1   7.6   72.1  47.4   73.5  52.2    .0   .0
is035g1      7.5  SD  1 122.800 200.7   5.7   54.4  52.6   53.8  57.6    .0   .0
is035g1     10.0  SD  0 116.500 197.7   4.2   48.9  52.5   47.6  57.5    .0   .0
is035g1     12.5  SD  0 109.500 195.9   3.5   45.7  52.6   44.0  57.4    .0   .0
is035g1     15.0  SD  1 102.900 196.2   2.9   45.8  51.9   44.2  56.7    .0   .0
is035g1     20.0  SD  1 91.0400 196.0   2.3   45.2  51.4   43.5  56.2    .0   .0
is035g1     25.0  SD  1 81.0200 195.9   1.8   44.8  51.0   43.0  55.8    .0   .0
is035g1     30.0  SD  1 73.3200 196.2   1.9   45.3  51.0   43.6  55.8    .0   .0
is035g1     40.0  SD  0 62.3444 196.3   1.9   45.4  50.9   43.8  55.8    .0   .0
is035g1     60.0  SD  0 49.3723 196.8   2.8   46.7  51.6   45.1  56.5    .0   .0
is035g1     80.0  SD  1 42.1246 197.3   3.4   47.8  52.0   46.4  56.8    .0   .0

is035h1       .0  SD  1 241.500 178.5  -0.3   30.7  62.7   25.3  67.0    .0   .0
is035h1      2.5  SD  0 230.000 179.9  -1.2   33.8  61.8   29.0  66.2    .0   .0
is035h1      5.0  SD  0 204.100 180.0  -3.8   34.0  59.2   29.8  63.7    .0   .0
is035h1      7.5  SD  1 185.900 180.9  -5.9   35.6  57.1   32.1  61.6    .0   .0
is035h1     10.0  SD  1 173.700 181.5  -7.0   36.7  56.0   33.4  60.5    .0   .0
is035h1     12.5  SD  0 161.600 181.4  -7.8   36.4  55.2   33.2  59.7    .0   .0
is035h1     15.0  SD  1 148.900 182.6  -8.4   38.4  54.5   35.6  59.1    .0   .0
is035h1     20.0  SD  0 125.200 184.0  -8.7   40.8  54.1   38.2  58.8    .0   .0
is035h1     25.0  SD  1 105.300 183.2  -9.2   39.3  53.7   36.7  58.3    .0   .0
is035h1     30.0  SD  1 90.8800 183.7  -9.1   40.2  53.7   37.6  58.4    .0   .0
is035h1     40.0  SD  0 73.2919 184.2  -9.5   40.9  53.3   38.5  58.0    .0   .0
is035h1     60.0  SD  0 56.3818 184.5  -9.2   41.5  53.5   39.1  58.3    .0   .0
is035h1     80.0  SD  1 46.3671 183.7  -8.6   40.3  54.2   37.7  58.9    .0   .0

is036b2       .0  SD  0 191.900 166.2  -4.1   10.3  66.5    0.4  69.5    .0   .0
is036b2      2.5  SD  0 188.800 164.8  -5.7    9.9  64.4    0.8  67.4    .0   .0
is036b2      5.0  SD  0 175.100 165.4  -7.7   13.5  63.1    5.5  66.3    .0   .0
is036b2      7.5  SD  1 162.700 166.2  -8.5   15.9  62.8    8.2  66.2    .0   .0
is036b2     10.0  SD  0 96.8400 167.9 -10.8   21.4  61.6   14.8  65.3    .0   .0
is036b2     12.5  SD  0 95.6600 165.8 -10.5   17.3  60.9   10.4  64.4    .0   .0
is036b2     15.0  SD  0 94.6600 167.1 -10.5   19.6  61.5   12.9  65.2    .0   .0
is036b2     20.0  SD  0 83.3100 165.1 -10.9   16.5  60.2    9.7  63.7    .0   .0
is036b2     25.0  SD  1 64.0400 166.2 -10.6   18.1  61.0   11.3  64.6    .0   .0
is036b2     30.0  SD  0 49.5100 166.0 -11.2   18.3  60.4   11.7  64.0    .0   .0

is036c2       .0  SD  0 355.300 160.2   6.5   14.9  57.0    8.9  60.4    .0   .0
is036c2      2.5  SD  1 340.400 160.7   6.0   16.1  56.8   10.3  60.3    .0   .0
is036c2      5.0  SD  0 323.800 161.6   5.6   17.9  56.9   12.2  60.5    .0   .0
is036c2      7.5  SD  0 312.800 160.6   5.4   16.5  56.2   10.8  59.7    .0   .0
is036c2     10.0  SD  0 300.097 161.9   5.4   18.6  56.8   12.9  60.5    .0   .0
is036c2     12.5  SD  0 286.450 162.7   5.8   19.5  57.6   13.8  61.3    .0   .0
is036c2     15.0  SD  1 273.300 162.1   5.7   18.6  57.2   12.9  60.8    .0   .0
is036c2     20.0  SD  0 244.500 162.8   5.9   19.6  57.7   13.9  61.4    .0   .0
is036c2     25.0  SD  1 211.000 162.9   6.0   19.7  57.8   13.9  61.5    .0   .0
is036c2     30.0  SD  1 183.676 163.3   6.1   20.3  58.1   14.5  61.8    .0   .0
is036c2     40.0  SD  0 132.150 162.9   6.5   19.2  58.3   13.3  62.0    .0   .0
is036c2     60.0  SD  0 73.7425 160.6   6.9   15.1  57.5    9.0  60.9    .0   .0

is036d2       .0  SD  1 327.400 168.1  19.4   14.1  57.0    7.9  60.4    .0   .0
is036d2      2.5  SD  1 328.400 168.0  19.7   13.8  57.3    7.5  60.6    .0   .0
is036d2      5.0  SD  1 324.200 169.2  19.6   15.8  57.5    9.8  60.9    .0   .0
is036d2      7.5  SD  1 315.600 168.6  19.6   14.8  57.3    8.7  60.7    .0   .0
is036d2     10.0  SD  1 307.100 169.4  19.2   16.3  57.1   10.4  60.6    .0   .0
is036d2     12.5  SD  1 299.300 169.6  19.3   16.6  57.3   10.7  60.8    .0   .0
is036d2     15.0  SD  1 290.600 169.8  19.3   17.0  57.3   11.1  60.8    .0   .0
is036d2     20.0  SD  0 271.000 169.3  19.8   15.9  57.7    9.8  61.2    .0   .0
is036d2     25.0  SD  2 243.000 169.2  20.1   15.6  58.0    9.4  61.4    .0   .0
is036d2     30.0  SD  0 213.600 170.4  19.9   17.8  58.0   11.8  61.6    .0   .0
is036d2     40.0  SD  0 158.046 169.6  20.6   16.1  58.5    9.8  62.0    .0   .0
is036d2     60.0  SD  0 95.8229 170.0  21.0   16.7  59.0   10.3  62.5    .0   .0
is036d2     80.0  SD  1 63.6328 168.9  20.9   14.8  58.7    8.3  62.1    .0   .0

is036h2       .0  SD  1 146.900 171.7   0.8    2.7  62.6  353.8  65.1    .0   .0
is036h2      2.5  SD  1 139.000 172.8   1.0    4.9  63.1  356.0  65.7    .0   .0
is036h2      5.0  SD  0 121.300 173.2  -0.2    6.4  62.0  358.0  64.8    .0   .0
is036h2      7.5  SD  0 100.900 173.8  -1.3    8.1  61.1    0.2  64.0    .0   .0
is036h2     10.0  SD  0 82.1500 175.5  -2.6   12.0  60.1    4.8  63.3    .0   .0
is036h2     12.5  SD  0 66.9100 175.9  -3.0   12.9  59.7    5.9  63.0    .0   .0
is036h2     15.0  SD  1 54.3100 175.5  -3.8   12.3  58.9    5.5  62.1    .0   .0
is036h2     20.0  SD  0 36.6900 177.0  -3.6   15.1  59.3    8.5  62.7    .0   .0
is036h2     25.0  SD  0 25.5400 177.2  -4.4   15.7  58.5    9.3  61.9    .0   .0
is036h2     30.0  SD  0 18.6600 178.4  -4.8   18.0  58.2   12.0  61.8    .0   .0
is036h2     40.0  SD  1 11.7064 178.9  -3.5   18.8  59.5   12.6  63.1    .0   .0
is036h2     60.0  SD  2 7.49858 179.9  -4.9   20.8  58.1   15.1  61.9    .0   .0
is036h2     80.0  SD  3 5.36769 180.1  -3.2   21.2  59.8   15.1  63.6    .0   .0

is037b2       .0  SD  0 165.700 159.5   1.0   13.9  66.9    4.2  70.1    .0   .0
is037b2      2.5  SD  1 165.100 157.6   0.8   12.1  65.1    3.0  68.2    .0   .0
is037b2      5.0  SD  1 161.100 156.3   0.7   10.9  63.9    2.3  67.0    .0   .0
is037b2      7.5  SD  1 155.600 153.7   0.4    9.1  61.4    1.1  64.4    .0   .0
is037b2     10.0  SD  1 134.800 152.2  -0.4    9.2  59.7    1.9  62.7    .0   .0
is037b2     12.5  SD  1 133.100 151.3  -0.4    8.5  58.9    1.4  61.9    .0   .0
is037b2     15.0  SD  1 130.000 149.6  -0.4    7.2  57.4    0.4  60.2    .0   .0
is037b2     20.0  SD  0 122.500 149.0  -0.5    6.9  56.8    0.3  59.6    .0   .0
is037b2     25.0  SD  0 111.400 147.6  -0.2    5.5  55.6  359.0  58.4    .0   .0
is037b2     30.0  SD  0 102.400 148.4  -1.3    7.8  55.9    1.5  58.8    .0   .0
is037b2     40.0  SD  0 83.9999 149.0  -0.9    7.6  56.6    1.0  59.5    .0   .0
is037b2     60.0  SD  0 59.3717 147.5  -1.3    7.2  55.1    1.0  58.0    .0   .0
is037b2     80.0  SD  1 46.5425 148.2  -1.8    8.5  55.5    2.3  58.5    .0   .0

is037c1       .0  SD  0 182.600 166.1  -5.7    8.7  62.6    0.3  65.5    .0   .0
is037c1      2.5  SD  0 177.800 165.2  -5.9    7.2  62.0  359.0  64.8    .0   .0
is037c1      5.0  SD  1 165.500 163.9  -6.6    5.7  60.7  357.8  63.4    .0   .0
is037c1      7.5  SD  1 150.100 163.4  -7.6    6.0  59.6  358.4  62.3    .0   .0
is037c1     10.0  SD  0 137.700 162.4  -8.1    4.9  58.6  357.5  61.3    .0   .0
is037c1     12.5  SD  0 127.700 161.1  -8.6    3.4  57.5  356.3  60.1    .0   .0
is037c1     15.0  SD  0 119.900 160.3  -8.9    2.5  56.8  355.6  59.3    .0   .0
is037c1     20.0  SD  0 106.200 160.3  -9.4    3.1  56.4  356.3  59.0    .0   .0
is037c1     25.0  SD  1 95.4700 160.7  -9.5    3.8  56.5  357.0  59.1    .0   .0
is037c1     30.0  SD  1 85.4800 159.4  -9.7    2.1  55.6  355.4  58.1    .0   .0
is037c1     40.0  SD  0 68.7623 160.0  -9.7    2.9  56.0  356.2  58.5    .0   .0
is037c1     60.0  SD  0 50.3985 160.6 -10.2    4.3  55.9  357.7  58.6    .0   .0
is037c1     80.0  SD  0 41.8386 160.7 -10.5    4.8  55.7  358.2  58.4    .0   .0

is037e2       .0  SD  1 143.800 156.8  -5.8  356.4  62.0  347.3  64.0    .0   .0
is037e2      2.5  SD  2 141.900 155.5  -6.9  356.8  60.3  348.4  62.3    .0   .0
is037e2      5.0  SD  1 137.600 154.4  -7.9  357.2  58.9  349.3  60.9    .0   .0
is037e2      7.5  SD  1 131.800 153.4  -7.7  355.8  58.1  348.1  60.1    .0   .0
is037e2     10.0  SD  1 124.200 154.4  -9.0  358.9  58.2  351.3  60.4    .0   .0
is037e2     12.5  SD  1 116.900 153.2  -8.8  357.3  57.4  349.9  59.4    .0   .0
is037e2     15.0  SD  0 109.649 154.3  -9.6  359.7  57.8  352.3  60.1    .0   .0
is037e2     20.0  SD  1 98.9300 153.4  -9.5  358.6  57.1  351.3  59.3    .0   .0
is037e2     25.0  SD  1 87.0400 153.7 -10.3    0.1  56.9  352.9  59.2    .0   .0
is037e2     30.0  SD  0 79.5586 153.1 -10.0  359.0  56.6  351.9  58.8    .0   .0
is037e2     40.0  SD  0 62.8800 152.9 -10.5  359.5  56.1  352.6  58.4    .0   .0
is037e2     60.0  SD  1 41.3104 153.8 -10.9    1.0  56.6  354.1  59.0    .0   .0
is037e2     80.0  SD  2 30.2251 154.7  -9.7    0.3  58.0  352.8  60.4    .0   .0

is037h1       .0  SD  0 277.100 149.5 -22.2  358.4  55.3  351.6  57.5    .0   .0
is037h1      2.5  SD  0 274.600 150.0 -22.1  358.6  55.8  351.7  58.0    .0   .0
is037h1      5.0  SD  1 268.900 149.5 -22.4  358.7  55.2  351.9  57.4    .0   .0
is037h1      7.5  SD  0 259.900 149.6 -22.4  358.7  55.3  352.0  57.5    .0   .0
is037h1     10.0  SD  0 248.700 149.5 -22.3  358.5  55.3  351.8  57.5    .0   .0
is037h1     12.5  SD  1 234.600 149.3 -22.3  358.4  55.1  351.6  57.3    .0   .0
is037h1     15.0  SD  0 219.400 149.8 -22.5  359.1  55.4  352.3  57.7    .0   .0
is037h1     20.0  SD  0 192.900 148.9 -22.3  358.1  54.8  351.4  56.9    .0   .0
is037h1     25.0  SD  1 167.100 149.9 -22.6  359.3  55.4  352.5  57.7    .0   .0
is037h1     30.0  SD  0 139.200 149.8 -22.5  359.1  55.4  352.3  57.7    .0   .0
is037h1     40.0  SD  1 96.6775 149.6 -21.9  358.0  55.5  351.1  57.7    .0   .0
is037h1     60.0  SD  1 56.3791 150.5 -21.8  358.5  56.3  351.4  58.5    .0   .0
is037h1     80.0  SD  1 40.7078 151.2 -20.8  357.4  57.3  350.0  59.4    .0   .0

is037i1       .0  SD  2 188.800 180.2  31.0   11.3  60.0    4.1  63.1    .0   .0
is037i1      2.5  SD  2 175.600 177.7  31.2    7.0  60.2  359.4  63.0    .0   .0
is037i1      5.0  SD  2 157.600 176.6  30.7    5.2  59.6  357.6  62.3    .0   .0
is037i1      7.5  SD  1 142.800 175.5  30.5    3.4  59.4  355.7  61.9    .0   .0
is037i1     10.0  SD  1 128.100 175.4  29.9    3.3  58.8  355.8  61.3    .0   .0
is037i1     12.5  SD  1 116.700 176.6  29.5    5.3  58.4  358.1  61.1    .0   .0
is037i1     15.0  SD  2 106.400 175.9  29.0    4.2  57.9  357.1  60.5    .0   .0
is037i1     20.0  SD  1 93.7800 175.4  28.2    3.5  57.1  356.6  59.6    .0   .0
is037i1     25.0  SD  2 84.0400 176.8  27.8    5.8  56.7  359.1  59.5    .0   .0
is037i1     30.0  SD  2 77.4900 175.8  27.7    4.2  56.6  357.5  59.2    .0   .0
is037i1     40.0  SD  0 67.2416 174.7  27.8    2.5  56.6  355.6  59.1    .0   .0
is037i1     60.0  SD  1 55.4894 173.6  27.7    0.7  56.4  353.8  58.8    .0   .0
is037i1     80.0  SD  1 48.4526 174.2  27.4    1.7  56.2  354.9  58.6    .0   .0

is038b1       .0  SD  0 328.200 175.4   8.7   25.8  71.2   15.5  75.1    .0   .0
is038b1      2.5  SD  0 327.800 175.3   8.5   25.6  71.0   15.5  74.9    .0   .0
is038b1      5.0  SD  1 326.400 175.2   8.6   25.2  71.0   15.0  75.0    .0   .0
is038b1      7.5  SD  1 324.400 174.6   8.4   23.6  70.7   13.2  74.5    .0   .0
is038b1     10.0  SD  0 320.500 175.1   8.4   25.1  70.8   14.9  74.7    .0   .0
is038b1     12.5  SD  1 315.900 174.7   8.3   24.0  70.6   13.7  74.5    .0   .0
is038b1     15.0  SD  1 310.500 174.3   8.2   22.9  70.4   12.6  74.2    .0   .0
is038b1     20.0  SD  1 298.600 174.2   8.2   22.6  70.4   12.2  74.2    .0   .0
is038b1     25.0  SD  2 286.000 174.8   8.0   24.5  70.4   14.5  74.2    .0   .0
is038b1     30.0  SD  1 273.100 174.7   8.2   24.1  70.5   13.9  74.4    .0   .0
is038b1     40.0  SD  0 247.948 174.5   8.3   23.4  70.6   13.1  74.4    .0   .0
is038b1     60.0  SD  0 205.949 174.0   8.3   22.0  70.5   11.4  74.2    .0   .0
is038b1     80.0  SD  0 167.800 173.4   8.4   20.2  70.4    9.3  74.0    .0   .0
is038b1    100.0  SD  0 131.343 173.5   8.2   20.7  70.2   10.0  73.9    .0   .0
is038b1    120.0  SD  0 99.6770 173.6   8.5   20.7  70.5    9.8  74.2    .0   .0

is038d1       .0  SD  1 289.800 166.3   7.1   13.5  67.8    3.2  71.0    .0   .0
is038d1      2.5  SD  1 289.200 168.4   7.2   18.1  69.0    7.8  72.5    .0   .0
is038d1      5.0  SD  1 287.500 167.0   7.0   15.2  68.1    4.9  71.4    .0   .0
is038d1      7.5  SD  2 286.000 167.4   6.9   16.2  68.3    6.1  71.6    .0   .0
is038d1     10.0  SD  2 283.300 166.9   6.8   15.3  67.9    5.1  71.2    .0   .0
is038d1     12.5  SD  1 279.500 167.3   6.7   16.3  68.0    6.3  71.4    .0   .0
is038d1     15.0  SD  2 275.400 166.9   6.9   15.1  68.0    4.9  71.3    .0   .0
is038d1     20.0  SD  2 266.200 167.6   6.6   17.1  68.1    7.2  71.5    .0   .0
is038d1     25.0  SD  1 256.200 166.7   6.6   15.1  67.6    5.1  70.9    .0   .0
is038d1     30.0  SD  2 245.800 167.0   6.7   15.6  67.9    5.6  71.2    .0   .0
is038d1     40.0  SD  0 224.800 166.9   6.8   15.3  67.9    5.1  71.2    .0   .0
is038d1     60.0  SD  0 189.647 166.8   6.5   15.5  67.6    5.6  70.9    .0   .0
is038d1     80.0  SD  0 155.340 167.3   6.6   16.4  67.9    6.5  71.3    .0   .0
is038d1    100.0  SD  0 122.948 166.1   6.7   13.7  67.4    3.6  70.6    .0   .0
is038d1    120.0  SD  0 93.6082 167.2   6.3   16.6  67.6    6.9  71.0    .0   .0

is038e1       .0  SD  0 506.500 187.7  12.8   14.0  68.6    3.3  71.8    .0   .0
is038e1      2.5  SD  1 506.700 187.7  12.8   14.0  68.6    3.3  71.8    .0   .0
is038e1      5.0  SD  1 504.200 187.3  12.8   13.0  68.7    2.0  71.9    .0   .0
is038e1      7.5  SD  1 501.300 188.1  12.7   14.9  68.4    4.5  71.7    .0   .0
is038e1     10.0  SD  1 496.000 186.8  12.6   11.5  68.7    0.4  71.7    .0   .0
is038e1     12.5  SD  2 488.300 188.8  12.4   16.4  67.9    6.5  71.3    .0   .0
is038e1     15.0  SD  1 480.900 187.0  12.5   12.0  68.5    1.0  71.6    .0   .0
is038e1     20.0  SD  1 461.800 187.2  12.9   12.8  68.9    1.7  72.0    .0   .0
is038e1     25.0  SD  1 442.000 187.6  12.4   13.4  68.3    2.8  71.4    .0   .0
is038e1     30.0  SD  2 421.700 187.3  13.0   13.1  68.9    2.1  72.1    .0   .0
is038e1     40.0  SD  0 380.436 187.0  12.6   12.0  68.6    1.0  71.7    .0   .0
is038e1     60.0  SD  0 315.344 188.0  12.6   14.6  68.3    4.1  71.6    .0   .0
is038e1     80.0  SD  1 256.028 186.9  12.7   11.9  68.7    0.7  71.8    .0   .0
is038e1    100.0  SD  0 203.799 186.8  12.5   11.5  68.6    0.4  71.6    .0   .0
is038e1    120.0  SD  0 161.248 186.0  12.7    9.5  69.0  357.9  71.8    .0   .0

is039c2       .0  SD  0 229.900 159.0  -2.1  347.1  56.9  339.5  58.1    .0   .0
is039c2      2.5  SD  1 232.100 162.9  -2.3  353.4  58.9  345.3  60.6    .0   .0
is039c2      5.0  SD  0 217.200 167.6  -2.6    1.9  60.8  353.7  63.2    .0   .0
is039c2      7.5  SD  1 195.800 171.7  -1.9    9.6  62.9    1.2  65.8    .0   .0
is039c2     10.0  SD  0 180.000 173.5  -2.4   13.6  62.9    5.7  66.1    .0   .0
is039c2     12.5  SD  0 161.800 174.2  -2.7   15.3  62.7    7.6  66.1    .0   .0
is039c2     15.0  SD  0 145.900 175.3  -2.2   17.5  63.4    9.8  66.9    .0   .0
is039c2     20.0  SD  1 123.600 175.6  -2.4   18.2  63.3   10.6  66.8    .0   .0
is039c2     25.0  SD  0 106.600 175.1  -2.5   17.1  63.1    9.5  66.6    .0   .0
is039c2     30.0  SD  0 93.4200 174.8  -2.6   16.5  62.9    8.9  66.4    .0   .0
is039c2     40.0  SD  0 74.8470 175.2  -2.7   17.4  62.9    9.9  66.4    .0   .0
is039c2     60.0  SD  0 54.9348 175.4  -2.8   17.9  62.8   10.5  66.4    .0   .0
is039c2     80.0  SD  0 43.1095 174.8  -3.0   16.7  62.5    9.2  66.0    .0   .0

is039d1       .0  SD  0 230.500 199.5   2.0    4.2  59.5  356.5  62.2    .0   .0
is039d1      2.5  SD  0 229.700 199.3   2.0    3.8  59.7  356.1  62.2    .0   .0
is039d1      5.0  SD  0 226.300 199.5   1.6    3.7  59.2  356.1  61.8    .0   .0
is039d1      7.5  SD  1 221.700 200.2   1.6    4.8  58.8  357.4  61.5    .0   .0
is039d1     10.0  SD  0 214.500 199.1   1.3    2.7  59.2  355.1  61.7    .0   .0
is039d1     12.5  SD  0 204.300 199.1   1.4    2.8  59.3  355.2  61.8    .0   .0
is039d1     15.0  SD  1 190.600 199.0   1.5    2.8  59.4  355.1  61.9    .0   .0
is039d1     20.0  SD  0 160.200 198.8   1.7    2.7  59.7  354.9  62.2    .0   .0
is039d1     25.0  SD  0 131.600 197.8   2.0    1.4  60.5  353.2  62.9    .0   .0
is039d1     30.0  SD  0 109.300 199.0   2.1    3.5  59.9  355.6  62.5    .0   .0
is039d1     40.0  SD  0 78.3295 199.9   1.9    4.7  59.2  357.1  61.9    .0   .0
is039d1     60.0  SD  0 48.4278 199.3   2.3    4.2  59.9  356.4  62.5    .0   .0
is039d1     80.0  SD  0 34.5636 200.5   2.0    5.7  58.9  358.4  61.7    .0   .0

is039f1       .0  SD  0 210.300 183.2  -1.4  348.4  64.4  338.0  65.6    .0   .0
is039f1      2.5  SD  0 210.600 184.5  -2.3  351.1  63.3  341.2  64.8    .0   .0
is039f1      5.0  SD  0 210.600 187.5  -3.6  356.8  61.5  348.0  63.4    .0   .0
is039f1      7.5  SD  0 206.000 190.8  -4.6    2.6  59.5  354.8  62.0    .0   .0
is039f1     10.0  SD  0 199.600 190.8  -5.1    2.3  59.1  354.6  61.5    .0   .0
is039f1     12.5  SD  1 190.400 191.1  -5.3    2.7  58.8  355.2  61.3    .0   .0
is039f1     15.0  SD  2 178.500 191.3  -5.1    3.2  58.9  355.7  61.4    .0   .0
is039f1     20.0  SD  0 153.000 191.1  -5.1    2.8  59.0  355.3  61.5    .0   .0
is039f1     25.0  SD  1 129.100 190.3  -4.9    1.5  59.4  353.7  61.8    .0   .0
is039f1     30.0  SD  1 109.300 191.7  -4.5    4.3  59.3  356.8  61.9    .0   .0
is039f1     40.0  SD  1 78.9418 191.2  -4.4    3.5  59.6  355.8  62.1    .0   .0
is039f1     60.0  SD  0 49.7925 190.5  -4.2    2.3  60.0  354.4  62.5    .0   .0
is039f1     80.0  SD  0 35.5799 190.8  -4.8    2.5  59.3  354.8  61.8    .0   .0

is039g2       .0  SD  0 201.500 190.5   4.1    8.6  64.1  359.6  67.0    .0   .0
is039g2      2.5  SD  0 200.300 191.3   3.8   10.0  63.5    1.4  66.5    .0   .0
is039g2      5.0  SD  0 195.300 192.0   3.3   11.0  62.8    2.8  65.9    .0   .0
is039g2      7.5  SD  1 189.400 192.9   3.1   12.6  62.2    4.7  65.4    .0   .0
is039g2     10.0  SD  0 167.900 194.2   2.4   14.4  61.0    7.2  64.4    .0   .0
is039g2     12.5  SD  0 167.300 192.4   2.5   11.1  61.9    3.2  65.0    .0   .0
is039g2     15.0  SD  0 163.800 193.3   2.4   12.7  61.4    5.2  64.6    .0   .0
is039g2     20.0  SD  0 148.300 193.6   2.5   13.4  61.4    5.9  64.6    .0   .0
is039g2     25.0  SD  0 131.300 194.1   2.7   14.5  61.3    7.2  64.7    .0   .0
is039g2     30.0  SD  0 113.500 194.1   2.5   14.3  61.2    7.0  64.5    .0   .0
is039g2     40.0  SD  0 86.6748 192.9   2.9   12.4  62.0    4.6  65.2    .0   .0
is039g2     60.0  SD  0 60.4169 194.8   2.2   15.3  60.6    8.3  64.0    .0   .0
is039g2     80.0  SD  1 46.8996 193.1   1.9   11.9  61.1    4.4  64.2    .0   .0
