7325B 78 
        180.0  90.0   0.0   0.0   1.0
NRM    289.5 -02.5 289.5 -02.5 3.38E-07 000.5 277.4 -70.3 0.000252 0.000108 0.000052 runcorn 2014-07-26 16:25:20 
TT100  290.3 -04.4 290.3 -04.4 3.15E-07 000.5 282.4 -69.2 0.000278 0.000064 0.000058 runcorn 2014-07-26 20:39:57 
TT150  304.2 -20.9 304.2 -20.9 1.92E-07 000.7 304.2 -50.6 0.000085 0.000256 0.000020 runcorn 2014-07-26 22:59:41 
TT200  307.8 -33.0 307.8 -33.0 2.35E-07 000.7 316.6 -41.4 0.000199 0.000334 0.000034 runcorn 2014-07-27 01:22:51 
TT250  307.5 -29.2 307.5 -29.2 1.86E-07 000.7 312.6 -43.8 0.000170 0.000178 0.000095 runcorn 2014-07-27 13:28:20 
TT300  315.9 -24.1 315.9 -24.1 1.53E-07 000.8 301.9 -39.5 0.000215 0.000176 0.000057 runcorn 2014-07-27 16:17:32 
TT340  291.1  07.0 291.1  07.0 1.28E-07 000.5 251.1 -67.8 0.000059 0.000092 0.000044 runcorn 2014-07-27 18:49:26 
TT355  300.9  00.0 300.9  00.0 1.24E-07 001.0 270.0 -59.1 0.000144 0.000176 0.000060 runcorn 2014-07-27 20:36:28 
TT370  295.6 -15.0 295.6 -15.0 1.30E-07 000.4 301.9 -60.6 0.000037 0.000080 0.000053 runcorn 2014-07-27 22:41:59 
TT385  294.1 -06.6 294.1 -06.6 1.66E-07 000.8 285.8 -65.0 0.000195 0.000123 0.000086 runcorn 2014-07-28 10:26:57 
TT400  280.7  00.5 280.7  00.5 1.60E-07 000.3 267.3 -79.3 0.000052 0.000082 0.000045 runcorn 2014-07-28 12:57:39 
TT425  287.9 -01.5 287.9 -01.5 1.41E-07 000.5 275.0 -72.0 0.000059 0.000087 0.000042 runcorn 2014-07-28 17:00:19 
TT450  276.0 -14.3 276.0 -14.3 1.68E-07 000.6 337.7 -74.5 0.000033 0.000171 0.000038 runcorn 2014-07-28 18:55:28 
TT475  271.2 -16.4 271.2 -16.4 1.79E-07 000.6 356.0 -73.5 0.000117 0.000165 0.000028 runcorn 2014-07-29 11:00:10 
TT500  279.9 -11.4 279.9 -11.4 1.80E-07 000.4 319.7 -74.9 0.000098 0.000070 0.000083 runcorn 2014-07-29 13:46:13 
TT525  275.8 -23.3 275.8 -23.3 1.63E-07 000.6 346.8 -66.0 0.000086 0.000145 0.000023 runcorn 2014-07-29 17:49:46 
TT550  295.5  00.0 295.5  00.0 1.45E-07 000.9 269.9 -64.4 0.000164 0.000158 0.000020 runcorn 2014-07-29 20:08:22 
TT575  324.7  21.4 324.7  21.4 1.18E-07 001.0 244.4 -32.5 0.000148 0.000179 0.000058 runcorn 2014-07-29 21:47:43 
TT600  267.0 -22.4 267.0 -22.4 1.32E-07 000.9 007.2 -67.3 0.000136 0.000169 0.000035 runcorn 2014-07-30 11:07:47 
TT625  307.8 -26.2 307.8 -26.2 1.50E-07 000.7 308.7 -45.2 0.000109 0.000178 0.000106 runcorn 2014-07-30 12:58:41 
TT650  334.9 -24.4 334.9 -24.4 1.56E-07 001.0 296.6 -22.7 0.000269 0.000179 0.000056 runcorn 2014-07-30 15:32:54 
TT675  230.6 -24.7 230.6 -24.7 2.00E-07 001.2 054.1 -44.6 0.000372 0.000288 0.000076 runcorn 2014-07-30 18:50:20 
TT700  297.4  09.4 297.4  09.4 1.56E-07 000.9 250.3 -61.1 0.000207 0.000155 0.000055 runcorn 2014-07-30 21:12:58 
TT750  100.1 -13.6 100.1 -13.6 2.31E-07 000.4 035.9  73.1 0.000069 0.000140 0.000134 runcorn 2014-07-31 13:00:00 
TT800  303.0 -07.9 303.0 -07.9 1.51E-07 000.8 284.4 -56.1 0.000155 0.000131 0.000050 runcorn 2014-07-31 15:47:11 
