7325B 79 
        180.0  90.0   0.0   0.0   1.0
NRM    260.3  32.7 260.3  32.7 1.33E-07 000.6 165.2 -56.1 0.000046 0.000117 0.000088 runcorn 2014-07-26 16:30:14 
TT100  256.0  33.8 256.0  33.8 1.28E-07 000.7 160.2 -53.7 0.000106 0.000103 0.000055 runcorn 2014-07-26 20:43:00 
TT150  270.1  43.3 270.1  43.3 1.13E-07 000.9 180.1 -46.7 0.000097 0.000153 0.000040 runcorn 2014-07-26 23:02:08 
TT200  257.8  43.7 257.8  43.7 1.19E-07 001.3 167.5 -44.9 0.000206 0.000202 0.000070 runcorn 2014-07-27 01:25:41 
TT250  248.0  48.3 248.0  48.3 1.07E-07 000.8 161.6 -38.0 0.000023 0.000150 0.000053 runcorn 2014-07-27 13:32:00 
TT300  260.4  65.2 260.4  65.2 9.21E-08 000.9 175.6 -24.5 0.000159 0.000122 0.000079 runcorn 2014-07-27 16:20:26 
TT340  266.7  24.7 266.7  24.7 9.30E-08 000.8 172.9 -65.1 0.000105 0.000041 0.000093 runcorn 2014-07-27 18:51:51 
TT355  217.4  08.6 217.4  08.6 9.32E-08 000.7 100.8 -36.8 0.000046 0.000165 0.000034 runcorn 2014-07-27 20:39:14 
TT370  155.9 -28.7 155.9 -28.7 3.82E-08 002.3 059.0  20.9 0.000090 0.000179 0.000020 runcorn 2014-07-27 22:44:17 
TT385  168.4 -31.3 168.4 -31.3 8.82E-08 000.7 058.2  09.9 0.000062 0.000183 0.000066 runcorn 2014-07-28 10:32:00 
TT400  154.1 -06.1 154.1 -06.1 8.29E-08 001.3 083.2  25.7 0.000166 0.000081 0.000074 runcorn 2014-07-28 13:02:23 
TT425  127.3 -31.7 127.3 -31.7 8.05E-08 000.7 044.5  42.5 0.000057 0.000094 0.000029 runcorn 2014-07-28 17:03:00 
TT450  143.9 -37.2 143.9 -37.2 1.25E-07 001.1 046.8  27.9 0.000223 0.000240 0.000057 runcorn 2014-07-28 18:57:46 
TT475  124.9 -39.3 124.9 -39.3 1.54E-07 000.4 035.0  39.4 0.000104 0.000115 0.000036 runcorn 2014-07-29 11:03:16 
TT500  122.8 -34.5 122.8 -34.5 1.38E-07 000.9 038.2  43.8 0.000219 0.000116 0.000052 runcorn 2014-07-29 13:49:27 
TT525  131.9 -37.6 131.9 -37.6 1.41E-07 000.6 041.0  36.1 0.000116 0.000135 0.000047 runcorn 2014-07-29 17:52:21 
TT550  119.7 -34.2 119.7 -34.2 1.31E-07 000.9 036.0  45.9 0.000100 0.000214 0.000078 runcorn 2014-07-29 20:10:28 
TT575  146.9 -29.6 146.9 -29.6 1.44E-07 001.2 055.8  28.4 0.000225 0.000222 0.000064 runcorn 2014-07-29 21:49:47 
TT600  128.0 -11.9 128.0 -11.9 1.50E-07 001.4 071.1  50.4 0.000272 0.000241 0.000066 runcorn 2014-07-30 11:11:42 
TT625  200.4  03.2 200.4  03.2 1.58E-07 001.2 093.4 -20.4 0.000311 0.000173 0.000036 runcorn 2014-07-30 13:02:08 
TT650  228.5  19.2 228.5  19.2 2.46E-07 000.8 117.7 -45.0 0.000351 0.000202 0.000020 runcorn 2014-07-30 15:36:04 
TT675  228.6 -19.2 228.6 -19.2 2.01E-07 001.3 062.3 -45.1 0.000323 0.000390 0.000020 runcorn 2014-07-30 18:54:44 
TT700  092.8  36.4 092.8  36.4 6.38E-08 003.1 176.2  53.4 0.000200 0.000285 0.000063 runcorn 2014-07-30 21:14:52 
TT750  221.1 -10.4 221.1 -10.4 1.86E-07 001.7 076.2 -40.3 0.000470 0.000326 0.000164 runcorn 2014-07-31 13:02:25 
TT800  073.8  09.4 073.8  09.4 1.14E-07 001.1 239.3  71.3 0.000208 0.000109 0.000099 runcorn 2014-07-31 15:50:36 