7325B 71 
        180.0  90.0   0.0   0.0   1.0
NRM    248.1  00.3 248.1  00.3 4.90E-07 000.4 090.7 -68.1 0.000300 0.000172 0.000082 mit pale 2013-02-13 15:56:56 
AF  15 242.6 -09.4 242.6 -09.4 4.20E-07 000.4 070.2 -61.1 0.000306 0.000092 0.000083 mit pale 2013-02-13 15:58:10 
AF  20 240.3 -17.0 240.3 -17.0 3.41E-07 000.5 058.4 -56.2 0.000270 0.000182 0.000057 mit pale 2013-02-13 15:59:22 
AF  30 235.1 -34.5 235.1 -34.5 1.78E-07 001.1 039.7 -42.5 0.000174 0.000317 0.000057 mit pale 2013-02-13 16:00:34 
AF  40 225.0 -63.8 225.0 -63.8 1.23E-07 001.1 019.2 -18.2 0.000150 0.000223 0.000037 mit pale 2013-02-13 16:01:48 
AF  50 018.1 -74.3 018.1 -74.3 1.46E-07 001.5 345.0  04.8 0.000178 0.000402 0.000029 mit pale 2013-02-13 16:03:01 
AF  60 279.4 -75.7 279.4 -75.7 1.89E-07 001.2 357.6 -14.1 0.000217 0.000392 0.000039 mit pale 2013-02-13 16:04:17 
AF  70 015.3 -80.7 015.3 -80.7 1.36E-07 001.2 351.0  02.4 0.000056 0.000304 0.000019 mit pale 2013-02-13 16:05:33 
AF  80 208.3 -43.3 208.3 -43.3 1.35E-07 000.9 043.1 -20.2 0.000084 0.000252 0.000043 mit pale 2013-02-13 16:06:50 
AF  90 197.5 -47.5 197.5 -47.5 1.07E-07 001.2 041.2 -11.7 0.000162 0.000209 0.000042 mit pale 2013-02-13 16:08:06 
AF 100 192.7 -52.6 192.7 -52.6 9.29E-08 001.0 036.7 -07.6 0.000151 0.000184 0.000050 mit pale 2013-02-13 16:09:23 
AF 110 132.2 -63.1 132.2 -63.1 6.69E-08 001.7 018.8  19.5 0.000161 0.000185 0.000033 mit pale 2013-02-13 16:10:41 
AF 120 127.9 -78.0 127.9 -78.0 9.84E-08 001.8 007.4  09.4 0.000270 0.000319 0.000023 mit pale 2013-02-13 16:12:01 
AF 130 148.3 -12.7 148.3 -12.7 9.96E-08 002.6 075.1  30.8 0.000377 0.000447 0.000025 mit pale 2013-02-13 16:13:21 
AF 140 158.5 -17.8 158.5 -17.8 1.15E-07 001.8 071.0  20.4 0.000329 0.000272 0.000019 mit pale 2013-02-13 16:14:42 
AF 150 147.4 -21.0 147.4 -21.0 1.05E-07 001.4 065.5  30.2 0.000225 0.000259 0.000041 mit pale 2013-02-13 16:16:03 
AF 160 106.6 -11.3 106.6 -11.3 1.12E-07 001.9 055.1  69.9 0.000246 0.000300 0.000036 mit pale 2013-02-13 16:17:23 
AF 170 120.8 -15.1 120.8 -15.1 7.55E-08 002.4 062.3  56.0 0.000240 0.000232 0.000067 mit pale 2013-02-13 16:18:45 
AF 180 159.4 -30.0 159.4 -30.0 5.98E-08 002.0 058.3  17.7 0.000153 0.000246 0.000023 mit pale 2013-02-13 16:20:09 
AF 190 171.9 -40.2 171.9 -40.2 2.80E-08 003.1 049.5  06.1 0.000176 0.000126 0.000022 mit pale 2013-02-13 16:21:33 
AF 200 186.8 -17.9 186.8 -17.9 1.09E-07 001.3 072.0 -06.4 0.000221 0.000158 0.000020 mit pale 2013-02-13 16:22:58 
AF 220 195.0 -12.0 195.0 -12.0 9.98E-08 001.7 077.5 -14.7 0.000268 0.000222 0.000079 mit pale 2013-02-13 16:24:24 
AF 240 168.5  01.3 168.5  01.3 6.64E-08 002.7 091.3  11.5 0.000314 0.000301 0.000029 mit pale 2013-02-13 16:25:52 
AF 260 139.8  17.3 139.8  17.3 6.48E-08 004.0 112.1  38.0 0.000392 0.000374 0.000008 mit pale 2013-02-13 16:27:21 
AF 280 329.2  41.2 329.2  41.2 1.08E-07 001.3 224.5 -22.6 0.000278 0.000258 0.000034 mit pale 2013-02-13 16:28:50 
AF 300 231.4 -38.6 231.4 -38.6 6.05E-08 003.2 038.0 -37.6 0.000291 0.000272 0.000025 mit pale 2013-02-13 16:30:22 
AF 320 083.9  60.2 083.9  60.2 6.79E-08 002.7 183.5  29.6 0.000294 0.000291 0.000031 mit pale 2013-02-13 16:31:55 
AF 340 045.7 -12.8 045.7 -12.8 9.52E-08 001.9 288.1  44.2 0.000225 0.000257 0.000065 mit pale 2013-02-13 16:33:29 
AF 360 209.1 -31.9 209.1 -31.9 8.83E-08 003.1 054.5 -24.4 0.000483 0.000290 0.000036 mit pale 2013-02-13 16:35:05 
AF 380 113.4  35.3 113.4  35.3 5.30E-08 004.1 150.7  48.4 0.000339 0.000262 0.000045 mit pale 2013-02-13 16:36:42 
AF 400 141.2  05.5 141.2  05.5 5.58E-08 003.8 097.1  38.5 0.000328 0.000292 0.000036 mit pale 2013-02-13 16:38:22 
AF 420 144.9  11.7 144.9  11.7 1.50E-07 001.8 104.2  34.2 0.000411 0.000420 0.000025 mit pale 2013-02-13 16:40:02 
AF 450 062.4  44.9 062.4  44.9 4.36E-08 004.7 204.9  38.8 0.000342 0.000284 0.000029 mit pale 2013-02-13 16:41:43 
AF 480 058.9  47.2 058.9  47.2 1.52E-08 010.0 205.6  35.3 0.000260 0.000212 0.000023 mit pale 2013-02-13 16:43:27 
AF 510 119.4  19.6 119.4  19.6 8.25E-08 002.9 126.0  55.1 0.000351 0.000295 0.000049 mit pale 2013-02-13 16:45:14 
AF 540 163.4  26.7 163.4  26.7 8.50E-08 001.9 117.7  14.7 0.000268 0.000292 0.000059 mit pale 2013-02-13 16:47:02 
AF 570 190.9  51.3 190.9  51.3 4.89E-08 003.2 141.8 -06.8 0.000271 0.000204 0.000046 mit pale 2013-02-13 16:48:53 
AF 600 161.4  48.7 161.4  48.7 1.59E-07 001.4 140.2  12.2 0.000280 0.000392 0.000048 mit pale 2013-02-13 16:50:45 
AF 630 102.7 -21.5 102.7 -21.5 1.35E-07 001.4 029.3  65.2 0.000288 0.000204 0.000031 mit pale 2013-02-13 16:52:40 
AF 660 062.5 -34.1 062.5 -34.1 5.76E-08 003.0 325.8  47.2 0.000280 0.000200 0.000041 mit pale 2013-02-13 16:54:37 
AF 690 095.3  09.1 095.3  09.1 7.36E-08 003.4 150.0  79.4 0.000339 0.000284 0.000036 mit pale 2013-02-13 16:56:36 
AF 720 019.1 -13.8 019.1 -13.8 4.80E-08 007.5 284.6  18.5 0.000602 0.000704 0.000046 mit pale 2013-02-13 16:58:38 
AF 750 195.6  21.1 195.6  21.1 1.04E-07 001.1 111.8 -14.5 0.000197 0.000190 0.000050 mit pale 2013-02-13 17:00:41 
AF 780 068.4 -05.4 068.4 -05.4 8.70E-08 001.1 284.3  67.7 0.000106 0.000134 0.000030 mit pale 2013-02-13 17:02:49 
AF 810 075.9 -09.0 075.9 -09.0 7.26E-08 003.3 303.1  73.3 0.000340 0.000250 0.000023 mit pale 2013-02-13 17:04:59 
AF 850 065.5  01.0 065.5  01.0 8.99E-08 002.9 267.7  65.4 0.000317 0.000351 0.000019 mit pale 2013-02-13 17:07:11 
AFmax0 109.4  17.2 109.4  17.2 1.06E-07 001.9 133.1  64.2 0.000254 0.000263 0.000057 mit pale 2013-02-13 17:09:33 
