PI47- 5a mag compass orientation (IGRF corrected)
      0 138.1  16.0  0.0  0.0  1.0                  
NRM    080.3  67.6 080.3  67.6 9.46E-05 000.5 074.7  77.8 0.050826 0.069476 0.057156 hargrave 2015-09-16 18:26:23
TT  50 079.7  67.3 079.7  67.3 9.41E-05 000.6 073.0  77.8 0.055251 0.081403 0.059741 hargrave 2015-09-19 18:36:07
TT  75 081.4  67.0 081.4  67.0 9.29E-05 000.6 074.3  77.1 0.056462 0.086081 0.030778 hargrave 2015-09-21 22:19:26
TT 100 082.1  66.9 082.1  66.9 8.99E-05 000.7 074.9  76.9 0.074775 0.077743 0.035165 hargrave 2015-09-24 09:53:20
TT 125 083.2  65.1 083.2  65.1 8.42E-05 001.1 071.5  75.2 0.102077 0.108237 0.070025 hargrave 2015-09-24 15:47:19
TT 150 088.8  62.3 088.8  62.3 7.50E-05 000.9 072.7  71.5 0.100106 0.055256 0.041526 hargrave 2015-09-25 12:30:28
TT 175 092.1  59.4 092.1  59.4 6.80E-05 000.9 071.9  68.2 0.080459 0.065953 0.038153 hargrave 2015-09-26 13:53:57
TT 200 093.1  59.6 093.1  59.6 6.55E-05 001.1 073.4  68.1 0.116386 0.056499 0.031997 hargrave 2015-09-26 19:51:50
TT 225 094.2  59.0 094.2  59.0 6.20E-05 001.4 074.0  67.3 0.130315 0.071063 0.031711 hargrave 2015-09-28 19:43:12
TT 250 092.8  58.9 092.8  58.9 6.04E-05 000.7 072.2  67.5 0.046677 0.048837 0.036866 hargrave 2015-10-01 12:01:58
TT 275 093.2  58.4 093.2  58.4 5.76E-05 000.7 072.0  67.0 0.039404 0.063283 0.032243 hargrave 2015-10-05 18:54:08
TT 300 095.0  58.2 095.0  58.2 5.31E-05 000.7 073.8  66.4 0.048996 0.049829 0.028291 hargrave 2015-10-06 02:29:19
TT 325 097.5  60.0 097.5  60.0 4.89E-05 002.6 079.0  67.3 0.217247 0.042160 0.028009 hargrave 2015-10-06 07:04:24
TT 350 098.5  60.2 098.5  60.2 4.32E-05 002.5 080.3  67.2 0.183252 0.037492 0.027574 hargrave 2015-10-06 12:50:20
TT 375 098.4  61.0 098.4  61.0 3.77E-05 001.9 081.5  67.9 0.117894 0.034100 0.029854 hargrave 2015-10-08 13:25:25
TT 400 095.5  60.3 095.5  60.3 3.26E-05 002.7 077.2  68.0 0.150093 0.041151 0.024363 hargrave 2015-10-10 16:28:15
TT 425 098.1  60.6 098.1  60.6 2.72E-05 000.7 080.5  67.6 0.020970 0.024644 0.021274 hargrave 2015-10-13 11:15:58
TT 450 097.7  62.0 097.7  62.0 2.23E-05 003.5 082.1  68.8 0.130601 0.045989 0.021069 hargrave 2015-10-13 16:57:09
TT 475 101.5  64.3 101.5  64.3 1.75E-05 002.6 089.9  69.6 0.075262 0.019740 0.014736 hargrave 2015-10-16 18:41:35
TT 500 116.4  69.3 116.4  69.3 1.31E-05 001.5 112.0  69.3 0.033283 0.012289 0.008106 hargrave 2015-10-19 18:33:58
TT 525 258.1  83.6 258.1  83.6 9.97E-06 001.3 188.7  68.2 0.024039 0.010306 0.008303 hargrave 2015-10-20 13:35:11
TT 550 336.7  65.4 336.7  65.4 4.90E-06 006.5 252.6  65.6 0.025684 0.043385 0.027388 hargrave 2015-10-26 14:31:55
TT 560 201.5  28.7 201.5  28.7 5.81E-06 000.7 156.1  14.2 0.007185 0.010218 0.000614 hargrave 2015-10-27 12:23:12
TT 560 204.1  29.6 204.1  29.6 5.52E-06 002.8 158.5  14.8 0.021644 0.036043 0.002514 hargrave 2015-10-29 10:56:52
TT 570 242.4  57.8 242.4  57.8 6.81E-06 003.5 190.2  42.2 0.011545 0.040036 0.009214 hargrave 2015-10-29 16:55:44
TT 575 313.2 -24.1 313.2 -24.1 2.62E-06 062.3 272.4 -24.5 0.011786 0.254410 0.116312 hargrave 2015-10-31 12:27:51
TT 575 307.6 -22.2 307.6 -22.2 4.94E-06 002.3 266.4 -24.2 0.017714 0.021177 0.015117 hargrave 2015-10-31 13:40:15
TT 577 121.3 -12.2 121.3 -12.2 1.18E-06 047.8 070.6 -07.2 0.041851 0.117859 0.016130 hargrave 2015-10-31 19:32:10
TT 577 113.0 -19.8 113.0 -19.8 1.08E-06 052.4 060.7 -12.4 0.055528 0.098814 0.025260 hargrave 2015-11-01 08:54:57
TT 577 112.6  01.1 112.6  01.1 2.16E-06 005.4 065.6  07.9 0.005044 0.031794 0.014627 hargrave 2015-11-03 10:35:59
TT 579 307.2  37.0 307.2  37.0 9.46E-07 028.0 248.3  32.5 0.011624 0.042732 0.026715 hargrave 2015-11-05 12:12:52
TT 579 311.0  28.2 311.0  28.2 9.37E-07 020.3 255.0  25.1 0.004630 0.034546 0.018640 hargrave 2015-11-05 13:21:30
