PI47- 7a mag compass orientation (IGRF corrected)
      0 278.1  47.0  0.0  0.0  1.0                  
NRM    063.5  62.1 063.5  62.1 1.01E-04 001.7 205.0  24.1 0.166676 0.127859 0.214120 hargrave 2015-09-16 18:29:29
TT  50 062.9  62.8 062.9  62.8 1.01E-04 002.6 204.2  24.5 0.210650 0.392592 0.118383 hargrave 2015-09-19 18:40:03
TT  75 067.0  61.1 067.0  61.1 9.86E-05 003.0 207.0  24.5 0.295775 0.393523 0.178642 hargrave 2015-09-21 22:22:43
TT 100 064.7  62.2 064.7  62.2 9.43E-05 003.6 205.4  24.5 0.296098 0.489147 0.154364 hargrave 2015-09-24 09:56:39
TT 125 067.9  60.2 067.9  60.2 8.70E-05 000.8 208.1  24.1 0.060898 0.064611 0.112037 hargrave 2015-09-24 15:50:26
TT 150 072.0  58.2 072.0  58.2 7.87E-05 002.2 211.2  24.2 0.140203 0.232817 0.139086 hargrave 2015-09-25 12:33:36
TT 175 073.2  56.6 073.2  56.6 7.27E-05 001.2 213.0  23.5 0.082946 0.073589 0.114965 hargrave 2015-09-26 13:57:40
TT 200 075.8  55.8 075.8  55.8 6.99E-05 001.3 214.7  24.1 0.078706 0.046361 0.137080 hargrave 2015-09-26 19:54:51
TT 225 079.4  53.6 079.4  53.6 6.66E-05 001.9 218.0  24.2 0.133196 0.108659 0.135950 hargrave 2015-09-28 19:46:28
TT 250 076.0  54.9 076.0  54.9 6.43E-05 001.1 215.5  23.6 0.035785 0.039105 0.110313 hargrave 2015-10-01 12:05:11
TT 275 075.2  55.6 075.2  55.6 6.04E-05 001.8 214.6  23.7 0.114018 0.122633 0.095499 hargrave 2015-10-05 18:57:20
TT 300 074.5  55.5 074.5  55.5 5.52E-05 001.4 214.5  23.3 0.082894 0.076648 0.082614 hargrave 2015-10-06 02:32:28
TT 325 074.2  55.3 074.2  55.3 4.82E-05 002.0 214.4  23.1 0.120453 0.089400 0.085894 hargrave 2015-10-06 07:07:32
TT 350 079.1  53.4 079.1  53.4 4.00E-05 001.4 218.1  23.9 0.062266 0.024301 0.077626 hargrave 2015-10-06 12:53:29
TT 375 080.8  52.7 080.8  52.7 3.31E-05 003.6 219.4  24.3 0.104893 0.156846 0.087236 hargrave 2015-10-08 13:28:33
TT 400 081.3  52.3 081.3  52.3 2.86E-05 002.7 220.0  24.2 0.079993 0.099849 0.048480 hargrave 2015-10-10 16:31:23
TT 425 075.0  55.0 075.0  55.0 2.45E-05 004.1 215.1  23.2 0.093377 0.149323 0.038650 hargrave 2015-10-13 11:19:08
TT 450 077.7  54.2 077.7  54.2 2.10E-05 003.6 216.8  23.9 0.065631 0.111398 0.041182 hargrave 2015-10-13 17:00:17
TT 475 078.1  53.4 078.1  53.4 1.70E-05 003.1 217.6  23.5 0.049800 0.077762 0.025568 hargrave 2015-10-16 18:45:35
TT 500 069.0  59.0 069.0  59.0 1.28E-05 001.4 209.5  23.6 0.025424 0.021114 0.019976 hargrave 2015-10-19 18:37:09
TT 525 062.8  64.4 062.8  64.4 1.02E-05 001.6 203.1  25.6 0.020397 0.016657 0.018178 hargrave 2015-10-20 13:38:19
TT 550 331.8  77.6 331.8  77.6 5.20E-06 004.1 171.3  32.7 0.008214 0.037824 0.003276 hargrave 2015-10-26 14:35:05
TT 560 013.1  40.7 013.1  40.7 6.17E-06 001.0 183.8 -06.2 0.012354 0.007758 0.005091 hargrave 2015-10-27 12:26:33
TT 560 015.8  39.2 015.8  39.2 5.87E-06 003.1 186.1 -07.5 0.037239 0.023599 0.012188 hargrave 2015-10-29 11:00:05
TT 570 028.8  71.3 028.8  71.3 5.73E-06 002.4 187.2  25.3 0.012834 0.020229 0.016728 hargrave 2015-10-29 16:58:53
TT 575 016.8  80.2 016.8  80.2 3.04E-06 005.8 181.8  33.3 0.007937 0.029827 0.007829 hargrave 2015-10-31 12:30:59
TT 577 022.4  33.3 022.4  33.3 2.93E-06 005.2 192.3 -12.6 0.007776 0.024663 0.010412 hargrave 2015-10-31 19:35:22
TT 579 104.6  60.0 104.6  60.0 1.20E-06 015.7 219.9  39.2 0.012032 0.028646 0.013508 hargrave 2015-11-05 12:16:06
TT 579 100.4  58.3 100.4  58.3 1.14E-06 009.2 220.8  36.6 0.005780 0.017142 0.006195 hargrave 2015-11-05 13:23:06
