PI47- 6a mag compass orientation (IGRF corrected)
      0 150.1  21.0  0.0  0.0  1.0                  
NRM    065.9  68.6 065.9  68.6 5.16E-05 001.5 081.6  87.9 0.123206 0.061018 0.042346 hargrave 2015-09-16 18:27:58
TT  50 065.6  69.0 065.6  69.0 5.13E-05 001.0 093.2  88.0 0.076982 0.050507 0.039541 hargrave 2015-09-19 18:38:31
TT  75 067.2  68.2 067.2  68.2 5.03E-05 001.2 075.8  87.3 0.095182 0.040459 0.045490 hargrave 2015-09-21 22:21:03
TT 100 067.8  67.1 067.8  67.1 4.82E-05 001.8 060.1  86.5 0.138936 0.054663 0.045450 hargrave 2015-09-24 09:54:57
TT 125 071.9  64.9 071.9  64.9 4.41E-05 001.8 053.6  83.8 0.128939 0.053143 0.033642 hargrave 2015-09-24 15:48:54
TT 150 077.4  61.6 077.4  61.6 3.87E-05 001.8 052.4  79.7 0.109170 0.054733 0.026083 hargrave 2015-09-25 12:32:04
TT 175 079.9  57.9 079.9  57.9 3.47E-05 001.9 048.0  76.0 0.108946 0.053065 0.041144 hargrave 2015-09-26 13:55:49
TT 200 079.1  57.4 079.1  57.4 3.29E-05 003.5 045.4  75.7 0.183321 0.088316 0.032590 hargrave 2015-09-26 19:53:18
TT 225 076.6  56.4 076.6  56.4 3.11E-05 002.2 038.6  75.4 0.105009 0.057922 0.033070 hargrave 2015-09-28 19:44:52
TT 250 077.7  56.1 077.7  56.1 3.00E-05 003.2 040.3  74.9 0.140975 0.090806 0.030739 hargrave 2015-10-01 12:03:39
TT 275 077.9  56.2 077.9  56.2 2.85E-05 002.1 040.9  75.0 0.089982 0.050680 0.028434 hargrave 2015-10-05 18:55:44
TT 300 075.3  56.4 075.3  56.4 2.58E-05 002.4 036.0  75.7 0.093693 0.054984 0.027773 hargrave 2015-10-06 02:30:56
TT 325 074.8  57.8 074.8  57.8 2.40E-05 001.7 037.1  77.1 0.068274 0.023880 0.023804 hargrave 2015-10-06 07:06:00
TT 350 072.3  56.7 072.3  56.7 2.06E-05 001.9 029.9  76.6 0.057423 0.034294 0.021312 hargrave 2015-10-06 12:51:57
TT 375 073.2  56.4 073.2  56.4 1.76E-05 002.0 031.5  76.1 0.060634 0.016040 0.023888 hargrave 2015-10-08 13:27:02
TT 400 077.9  55.9 077.9  55.9 1.54E-05 002.1 040.4  74.6 0.052083 0.024631 0.025072 hargrave 2015-10-10 16:29:51
TT 425 075.1  54.2 075.1  54.2 1.29E-05 003.3 032.5  73.7 0.072220 0.023720 0.023263 hargrave 2015-10-13 11:17:35
TT 450 075.9  52.7 075.9  52.7 1.04E-05 002.6 032.4  72.1 0.044463 0.017046 0.024606 hargrave 2015-10-13 16:58:44
TT 475 065.2  50.4 065.2  50.4 8.43E-06 002.8 010.1  71.2 0.045506 0.009293 0.017687 hargrave 2015-10-16 18:44:08
TT 500 061.4  49.1 061.4  49.1 6.82E-06 003.1 002.6  70.1 0.033510 0.014892 0.009702 hargrave 2015-10-19 18:35:34
TT 525 052.9  28.1 052.9  28.1 6.25E-06 003.9 350.4  48.9 0.022930 0.029178 0.022390 hargrave 2015-10-20 13:36:47
TT 550 104.1  59.5 104.1  59.5 5.26E-06 004.5 084.8  69.3 0.039445 0.012969 0.004783 hargrave 2015-10-26 14:33:32
TT 560 332.3  61.8 332.3  61.8 3.61E-06 001.4 237.6  56.1 0.008716 0.003091 0.000147 hargrave 2015-10-27 12:24:54
TT 560 329.9  62.9 329.9  62.9 3.70E-06 001.9 234.8  56.2 0.012838 0.003511 0.008538 hargrave 2015-10-29 10:58:33
TT 570 159.4  75.3 159.4  75.3 1.79E-06 002.2 147.0  62.7 0.006046 0.005504 0.001627 hargrave 2015-10-29 16:57:20
TT 575 044.6  29.9 044.6  29.9 1.57E-06 006.3 338.9  49.9 0.004827 0.012774 0.010878 hargrave 2015-10-31 12:29:27
TT 577 344.7  83.6 344.7  83.6 1.10E-06 005.2 198.2  69.7 0.005605 0.008566 0.005154 hargrave 2015-10-31 19:33:51
TT 579 053.4  28.4 053.4  28.4 1.29E-06 007.1 351.0  49.2 0.001628 0.014585 0.008376 hargrave 2015-11-05 12:14:33
