PI47- 3a mag compass orientation (IGRF corrected)
      0 314.1  13.0  0.0  0.0  1.0                  
NRM    081.8  60.0 081.8  60.0 7.36E-05 002.1 207.8  49.0 0.090025 0.233051 0.104819 hargrave 2015-09-16 18:23:13
TT  50 075.2  60.0 075.2  60.0 7.30E-05 001.7 202.9  48.4 0.086130 0.198582 0.059195 hargrave 2015-09-19 18:32:47
TT  75 077.9  59.7 077.9  59.7 7.17E-05 000.9 205.0  48.3 0.086231 0.083428 0.021668 hargrave 2015-09-21 22:13:54
TT 100 079.4  58.6 079.4  58.6 6.82E-05 001.6 206.4  47.3 0.076512 0.186920 0.012041 hargrave 2015-09-24 09:47:45
TT 125 085.7  55.4 085.7  55.4 6.33E-05 001.3 212.2  45.0 0.109443 0.086539 0.063987 hargrave 2015-09-24 15:44:11
TT 150 086.4  52.3 086.4  52.3 5.80E-05 001.2 213.6  42.0 0.048780 0.099067 0.062502 hargrave 2015-09-25 12:27:15
TT 175 088.0  49.4 088.0  49.4 5.36E-05 001.1 215.7  39.4 0.068348 0.094622 0.029747 hargrave 2015-09-26 13:50:22
TT 200 088.6  48.9 088.6  48.9 5.18E-05 001.7 216.3  38.9 0.055818 0.142820 0.033752 hargrave 2015-09-26 19:48:57
TT 225 092.2  47.2 092.2  47.2 4.91E-05 000.7 219.8  37.8 0.034536 0.056163 0.024453 hargrave 2015-09-28 19:40:05
TT 250 090.7  47.5 090.7  47.5 4.83E-05 000.9 218.5  37.9 0.073422 0.031878 0.030410 hargrave 2015-10-01 11:58:49
TT 275 091.0  46.6 091.0  46.6 4.62E-05 001.2 218.9  37.1 0.075951 0.052819 0.034838 hargrave 2015-10-05 18:51:01
TT 300 089.7  46.8 089.7  46.8 4.32E-05 001.1 217.8  37.1 0.074861 0.028236 0.034202 hargrave 2015-10-06 02:26:11
TT 325 090.0  45.6 090.0  45.6 4.00E-05 002.4 218.4  35.9 0.126173 0.107435 0.019535 hargrave 2015-10-06 07:01:15
TT 350 094.2  44.6 094.2  44.6 3.57E-05 003.4 222.2  35.6 0.155799 0.143887 0.012699 hargrave 2015-10-06 12:47:10
TT 375 087.1  45.1 087.1  45.1 3.17E-05 005.2 216.0  35.1 0.206982 0.200383 0.027884 hargrave 2015-10-08 13:22:17
TT 400 090.0  42.3 090.0  42.3 2.76E-05 003.9 219.2  32.7 0.122672 0.144972 0.011501 hargrave 2015-10-10 16:25:07
TT 425 085.6  41.6 085.6  41.6 2.32E-05 002.4 215.5  31.4 0.087236 0.051095 0.034179 hargrave 2015-10-13 11:12:49
TT 450 085.9  42.4 085.9  42.4 1.92E-05 001.9 215.5  32.2 0.043777 0.039103 0.038439 hargrave 2015-10-13 16:54:00
TT 475 084.5  41.8 084.5  41.8 1.57E-05 003.4 214.5  31.4 0.073110 0.037900 0.048612 hargrave 2015-10-16 18:38:38
TT 500 077.9  42.0 077.9  42.0 1.19E-05 004.1 208.8  30.9 0.028661 0.079501 0.024236 hargrave 2015-10-19 18:30:42
TT 525 076.4  32.2 076.4  32.2 6.61E-06 002.3 209.0  21.0 0.020596 0.016876 0.011232 hargrave 2015-10-20 13:32:02
TT 550 069.9  49.1 069.9  49.1 4.27E-06 002.6 201.0  37.2 0.012593 0.016506 0.002742 hargrave 2015-10-26 14:28:45
TT 560 076.1  40.7 076.1  40.7 3.59E-06 001.0 207.4  29.4 0.008492 0.002234 0.001420 hargrave 2015-10-27 12:19:50
TT 560 078.0  41.7 078.0  41.7 3.67E-06 002.0 208.9  30.6 0.005795 0.010836 0.011668 hargrave 2015-10-29 10:53:43
TT 570 120.0  40.9 120.0  40.9 1.55E-06 005.4 246.0  36.7 0.004616 0.011641 0.008342 hargrave 2015-10-29 16:52:36
TT 575 041.1 -12.7 041.1 -12.7 2.91E-07 019.9 176.7 -25.7 0.001669 0.006964 0.008320 hargrave 2015-10-31 12:24:42
TT 575 035.8 -19.1 035.8 -19.1 3.09E-07 015.2 170.8 -31.9 0.001826 0.006619 0.005042 hargrave 2015-10-31 13:37:06
TT 577 105.2  58.0 105.2  58.0 8.53E-07 013.3 226.5  50.3 0.001812 0.017729 0.009352 hargrave 2015-10-31 19:29:03
TT 577 119.6  57.4 119.6  57.4 8.58E-07 017.4 238.4  52.2 0.011834 0.023238 0.007003 hargrave 2015-11-01 08:50:25
TT 577 136.3  55.9 136.3  55.9 1.09E-06 006.4 253.6  54.2 0.005347 0.008559 0.006846 hargrave 2015-11-03 10:31:41
TT 579 121.0  50.9 121.0  50.9 2.86E-07 028.5 242.9  46.4 0.001522 0.013555 0.007746 hargrave 2015-11-05 12:09:43
TT 579 119.1  45.9 119.1  45.9 2.42E-07 025.5 243.4  41.2 0.001582 0.010708 0.005269 hargrave 2015-11-05 13:19:54
