   11.9    78.1 
  240.5    69.2 
   61.7    80.8 
  285.3    68.0 
  337.0    57.7 
    5.5    77.5 
  335.5    85.9 
  116.0    77.1 
  325.6    71.0 
    5.6    66.2 
  210.7    77.5 
  261.2    76.7 
  140.6    87.6 
  319.6    82.0 
   82.7    68.1 
  290.9    75.9 
  272.3    77.0 
  127.7    76.2 
  134.5    77.4 
   33.2    86.0 
   84.7    79.0 
   82.3    73.9 
  272.6    62.7 
  314.2    85.4 
   71.4    67.3 
  258.1    75.1 
  244.8    74.2 
  170.7    62.7 
  292.6    85.7 
   11.9    84.5 
   11.1    85.1 
  228.9    83.4 
  195.4    82.9 
  188.9    82.5 
  350.8    81.1 
  266.4    75.4 
   21.1    82.1 
   63.1    88.9 
   86.0    66.9 
   33.7    75.5 
  158.3    74.4 
  302.6    80.1 
    3.7    81.4 
   48.0    83.4 
  232.8    79.7 
  261.1    74.6 
   50.6    75.6 
  220.0    78.0 
   74.0    83.5 
  147.9    81.0 
  156.5    89.0 
  166.1    75.9 
  204.7    78.6 
   81.8    74.5 
   83.9    83.7 
  304.3    69.0 
  286.0    68.6 
   17.5    75.0 
  121.8    76.1 
  143.4    74.5 
   82.8    83.0 
  313.7    72.4 
  221.6    75.6 
   49.5    85.9 
  152.7    77.2 
  336.8    75.0 
  287.6    77.2 
  339.3    77.9 
  166.4    66.9 
  287.1    82.6 
   90.1    74.0 
  262.7    72.0 
   83.9    85.2 
  147.0    65.4 
   33.9    80.5 
  339.8    73.3 
  285.2    77.9 
  156.3    86.8 
  269.8    80.5 
  214.6    68.0 
   82.6    87.8 
  175.2    75.6 
  264.5    77.3 
  160.4    74.8 
  138.8    84.9 
   15.0    84.7 
  102.7    81.4 
  188.7    78.2 
   24.2    83.4 
  109.8    80.7 
  105.4    77.5 
  259.2    86.9 
    2.7    72.4 
   30.0    78.0 
  207.2    74.3 
  282.9    79.5 
  315.0    83.0 
   39.8    62.2 
  291.1    68.1 
  359.4    85.4 
