  358.7    46.3 
  354.3    55.2 
   11.7    26.7 
    9.4    39.5 
  337.9    54.9 
  340.4    35.4 
  355.0    36.9 
  333.4    35.5 
    4.3    59.3 
   19.0    44.4 
   26.3    40.2 
  359.4    43.3 
   24.6    43.0 
  356.0    55.6 
  349.0    47.8 
    8.4    40.9 
    0.3    40.5 
  346.5    46.4 
  352.5    45.7 
   15.4    41.3 
  349.7    39.5 
  348.5    30.7 
   16.8    26.2 
  358.9    37.7 
   10.3    44.6 
  355.6    32.2 
  329.2    56.5 
   23.8    48.8 
    1.2    40.0 
   29.1    71.7 
  348.8     8.7 
    9.5    37.1 
  355.6    41.6 
   40.8    38.6 
   11.3    34.3 
   16.8    17.9 
  332.0    41.8 
  330.0    14.0 
   10.2    47.3 
  342.3    43.6 
  341.7    60.4 
  324.7    66.7 
  356.1    43.3 
  337.5    48.2 
  330.4    21.3 
  346.8    21.1 
  343.7    32.7 
    0.4     5.4 
  352.1    47.6 
  356.6    40.4 
    5.6    46.5 
   16.5    33.9 
  352.6    46.6 
  334.6    39.1 
    6.5    45.6 
  338.3    51.4 
  351.0    61.1 
  343.8    28.8 
   30.1    39.0 
   10.0    39.5 
  345.6    42.9 
  334.3    24.4 
   21.7    61.1 
  340.9    49.2 
    7.6    21.7 
  343.5    28.1 
   55.6    44.0 
  334.9    37.6 
    0.3    52.4 
   17.4    63.4 
   25.8    37.9 
  344.4    41.8 
    1.1    53.6 
    0.8    36.1 
    3.5    28.6 
   11.6    49.0 
  316.0    39.1 
   12.2    39.3 
   38.4    44.2 
    5.2    30.0 
  356.2    37.7 
  355.2    30.9 
  328.9    49.8 
    0.3    44.9 
  355.5    37.9 
  359.8    40.6 
   14.0    39.0 
  344.5    35.8 
  356.3    45.3 
   12.7    53.2 
   22.1    14.4 
  346.1    27.3 
    9.5    48.5 
    9.6    13.9 
  345.6    42.0 
  356.2    53.4 
  356.6    39.0 
  354.7    39.2 
  350.1    43.1 
    0.2    23.4 
