Generated using GEOMAGIA50.v3.2 on Mar/29/2018
Age[yr.AD],Sigma-ve[yr.],Sigma+ve[yr.],SigmaAgeID,N_Ba,n_Ba[meas.],n_Ba[acc.],Ba[microT],SigmaBa[microT],VDM[E22_AmE2],SigmaVDM[E22_AmE2],N_Dir,n_Dir[meas.],n_Dir[acc.],Dec[deg.],Inc[deg.],Alpha95[deg.],K,MaxAF[mT],MaxTemp[deg.C],PubDataID,SiteName,LocationName,SiteLat[deg.],SiteLon[deg.],CountryRegionID,ArcheoVolcanic,MatID,PIMethID,AltMonID,MDMonID,CoolRID,AnisoID,DirMethID,DirAnalysisID,DatMethID,SpecTypeID,RefID,CompilationID,UploadMonth,UploadYear,Uploader,Editor,LastEditDate,C14ID,UID
        1607,       -9999,       -9999,           1,        -999,        -999,        -999,     -999.00,     -999.00,     -999.00,     -999.00,        -999,        -999,        -999,        5.40,       62.80,        2.90,     -999.00,        -999,        -999,-999,1607 Flow,Mount Etna,     37.7510,     14.9958,          11,Volcanic,           4,          -1,          -1,          -1,           0,           0,           0,           0,105,           3,          36,1005,-999,2009,Fabio Donadini,Maxwell Brown,24/07/2017,-1,857
        1610,          10,          10,           1,        -999,        -999,        -999,     -999.00,     -999.00,     -999.00,     -999.00,        -999,        -999,        -999,        3.50,       60.00,        1.60,     -999.00,        -999,        -999,-999,1610 Flow Flanc Sud-Ouest,Mount Etna,     37.7500,     15.0000,          11,Volcanic,           4,          -1,          -1,          -1,          -1,          -1,           0,           0,105,           0,         259,1001,-999,2009,Fabio Donadini,-999,-999,-1,5666
        1610,       -9999,       -9999,           1,           1,        -999,           5,       42.10,        3.20,        6.74,        0.51,           1,        -999,           5,        5.70,       65.10,        2.20,     4049.59,        -999,        -999,-999,1610 Flow,Mount Etna,     37.7510,     14.9958,          11,Volcanic,           4,           6,           3,          -1,           0,           0,           0,           0,105,           3,          36,1001;1006;1010,-999,2007,Fabio Donadini,Maxwell Brown,24/07/2017,-1,858
        1610,           5,           5,           1,           1,        -999,           4,       40.50,        8.10,     -999.00,     -999.00,        -999,        -999,        -999,     -999.00,     -999.00,     -999.00,     -999.00,        -999,        -999,-999,1610 Flow,Mount Etna,     37.7000,     15.0000,          11,Volcanic,           4,           1,           5,          -1,          -1,          -1,           0,           0,105,           1,          57,1001;1006;1010;1011,-999,2007,Fabio Donadini,-999,-999,-1,1403
        1614,       -9999,       -9999,           1,           1,        -999,           5,       40.80,        3.20,     -999.00,     -999.00,        -999,        -999,        -999,     -999.00,     -999.00,     -999.00,     -999.00,        -999,        -999,-999,1614 Flow,Mount Etna,     37.7510,     14.9958,          11,Volcanic,           4,           6,           3,          -1,           0,           0,           0,           0,105,           3,          36,1001;1006;1010,-999,2007,Fabio Donadini,Maxwell Brown,24/07/2017,-1,836
        1634,       -9999,       -9999,           1,           1,        -999,           5,       37.70,        2.10,        6.04,        0.34,           1,        -999,           5,      356.80,       65.00,        1.70,     6782.01,        -999,        -999,-999,1634 Flow,Mount Etna,     37.7510,     14.9958,          11,Volcanic,           4,           6,           3,          -1,           0,           0,           0,           0,105,           3,          36,1001;1006;1010,-999,2007,Fabio Donadini,Maxwell Brown,24/07/2017,-1,859
        1646,           5,           5,           1,        -999,        -999,        -999,     -999.00,     -999.00,     -999.00,     -999.00,          15,        -999,        -999,      358.10,       61.50,        0.80,     2041.67,        -999,        -999,-999,1646 Flow North Side (2 sites),Mount Etna,     37.7500,     15.0000,          11,Volcanic,           4,          -1,          -1,          -1,          -1,          -1,           0,           0,105,           0,         258,1001;1005,-999,2009,Fabio Donadini,-999,-999,-1,5650
        1646,       -9999,       -9999,           1,        -999,        -999,        -999,     -999.00,     -999.00,     -999.00,     -999.00,        -999,        -999,        -999,        4.30,       61.60,        3.60,     -999.00,        -999,        -999,-999,1646 Flow,Mount Etna,     37.7510,     14.9958,          11,Volcanic,           4,          -1,          -1,          -1,           0,           0,           0,           0,105,           3,          36,1005,-999,2009,Fabio Donadini,Maxwell Brown,24/07/2017,-1,860
        1646,       -9999,       -9999,           1,           1,        -999,           1,       63.50,        8.10,     -999.00,     -999.00,        -999,        -999,        -999,     -999.00,     -999.00,     -999.00,     -999.00,        -999,        -999,-999,1646 Flow,Mount Etna,     37.7500,     15.0000,          11,Volcanic,           4,           0,           0,           0,           0,           0,           0,           0,105,           0,         389,1010,-999,2009,Fabio Donadini,-999,-999,-1,7544
        1646,           5,           5,           1,        -999,        -999,        -999,     -999.00,     -999.00,     -999.00,     -999.00,        -999,        -999,        -999,        4.10,       61.40,        1.50,     -999.00,        -999,        -999,-999,E12,Mount Etna,     37.7500,     15.0000,          11,Volcanic,           4,          -1,          -1,          -1,          -1,          -1,           0,           0,105,           0,         185,1005,-999,2009,Fabio Donadini,-999,-999,-1,3795
        1651,           5,           5,           1,        -999,        -999,        -999,     -999.00,     -999.00,     -999.00,     -999.00,          15,        -999,        -999,       15.10,       57.50,        1.40,      666.67,        -999,        -999,-999,Presumed 1651 East Flow,Mount Etna,     37.7500,     15.0000,          11,Volcanic,           4,          -1,          -1,          -1,          -1,          -1,           0,           0,105,           0,         258,1001;1005,-999,2009,Fabio Donadini,-999,-999,-1,5651
        1651,       -9999,       -9999,           1,           1,        -999,           5,       41.00,        3.70,        6.81,        0.61,           1,        -999,           5,      355.00,       62.20,        4.00,     1225.00,        -999,        -999,-999,1651W Flow,Mount Etna,     37.7510,     14.9958,          11,Volcanic,           4,           6,           3,          -1,           0,           0,           0,           0,105,           3,          36,1001;1006;1010,-999,2007,Fabio Donadini,Maxwell Brown,24/07/2017,-1,861
        1651,       -9999,       -9999,           1,           1,        -999,           5,       41.80,        2.40,        7.40,        0.42,           1,        -999,           5,       20.30,       57.30,        4.00,     1225.00,        -999,        -999,-999,1651E Flow,Mount Etna,     37.7510,     14.9958,          11,Volcanic,           4,           6,           3,          -1,           0,           0,           0,           0,105,           3,          36,1001;1006,-999,2007,Fabio Donadini,Maxwell Brown,24/07/2017,-1,862
        1651,           5,           5,           1,        -999,        -999,        -999,     -999.00,     -999.00,     -999.00,     -999.00,        -999,        -999,        -999,      359.60,       60.70,        2.40,     -999.00,        -999,        -999,-999,E23,Mount Etna,     37.7500,     15.0000,          11,Volcanic,           4,          -1,          -1,          -1,          -1,          -1,           0,           0,105,           0,         185,1005,-999,2009,Fabio Donadini,-999,-999,-1,3796
        1669,           5,           5,           1,        -999,        -999,        -999,     -999.00,     -999.00,     -999.00,     -999.00,          30,        -999,        -999,      356.70,       62.50,        0.70,     1333.33,        -999,        -999,-999,1669 Flows South Flank (4 sites),Mount Etna,     37.7500,     15.0000,          11,Volcanic,           4,          -1,          -1,          -1,          -1,          -1,           0,           0,105,           0,         258,1001;1005,-999,2009,Fabio Donadini,-999,-999,-1,5652
        1669,       -9999,       -9999,           1,           1,        -999,           5,       36.60,        0.70,        6.23,        0.12,           1,        -999,           5,      356.30,       60.40,        2.90,     2330.56,        -999,        -999,-999,1669 Flow,Mount Etna,     37.7510,     14.9958,          11,Volcanic,           4,           6,           3,          -1,           0,           0,           0,           0,105,           3,          36,1001;1006;1010,-999,2007,Fabio Donadini,Maxwell Brown,24/07/2017,-1,863
        1669,           5,           5,           1,           1,        -999,           4,       41.50,        8.30,     -999.00,     -999.00,        -999,        -999,        -999,     -999.00,     -999.00,     -999.00,     -999.00,        -999,        -999,-999,1669 Flow,Mount Etna,     37.7000,     15.0000,          11,Volcanic,           4,           1,           5,          -1,          -1,          -1,           0,           0,105,           1,          57,1001;1006;1010;1011,-999,2007,Fabio Donadini,-999,-999,-1,1404
        1669,           5,           5,           1,        -999,        -999,        -999,     -999.00,     -999.00,     -999.00,     -999.00,        -999,        -999,        -999,      357.20,       61.80,        1.60,     -999.00,        -999,        -999,-999,E32:E48:E50,Mount Etna,     37.7500,     15.0000,          11,Volcanic,           4,          -1,          -1,          -1,          -1,          -1,           0,           0,105,           0,         185,1005,-999,2009,Fabio Donadini,-999,-999,-1,3797
        1689,           5,           5,           1,        -999,        -999,        -999,     -999.00,     -999.00,     -999.00,     -999.00,          16,        -999,        -999,      357.80,       63.30,        1.20,      850.69,        -999,        -999,-999,Presumed 1689 Flow above Fornazza (2 sites),Mount Etna,     37.7500,     15.0000,          11,Volcanic,           4,          -1,          -1,          -1,          -1,          -1,           0,           0,105,           0,         258,1001;1005,-999,2009,Fabio Donadini,-999,-999,-1,5653
        1689,       -9999,       -9999,           1,           1,        -999,           5,       35.60,        3.00,        5.68,        0.49,           1,        -999,           5,      351.40,       64.00,        2.30,     3705.10,        -999,        -999,-999,1689 Flow,Mount Etna,     37.7510,     14.9958,          11,Volcanic,           4,           6,           3,          -1,           0,           0,           0,           0,105,           3,          36,1001;1006;1010,-999,2007,Fabio Donadini,Maxwell Brown,24/07/2017,-1,864
        1689,           5,           5,           1,        -999,        -999,        -999,     -999.00,     -999.00,     -999.00,     -999.00,        -999,        -999,        -999,      352.30,       65.40,        1.70,     -999.00,        -999,        -999,-999,E27:E73,Mount Etna,     37.7500,     15.0000,          11,Volcanic,           4,          -1,          -1,          -1,          -1,          -1,           0,           0,105,           0,         185,1005,-999,2009,Fabio Donadini,-999,-999,-1,3798
        1720,          30,          30,           2,        -999,        -999,        -999,     -999.00,     -999.00,     -999.00,     -999.00,        -999,        -999,          12,      349.40,       64.10,        1.85,     -999.00,        -999,         580,VN3,Pietre Cotte rhyolitic flow on North side of the Fossa cone,Vulcano Island,     38.4000,     14.9500,          11,Volcanic,           4,          -1,          -1,          -1,          -1,          -1,           2,           0,106,           1,         411,-1,-999,2009,Fabio Donadini,-999,-999,-1,8145
        1763,           5,           5,           1,        -999,        -999,        -999,     -999.00,     -999.00,     -999.00,     -999.00,           9,        -999,        -999,      346.90,       57.70,        1.10,     1799.82,        -999,        -999,-999,1763 Flow near cable car lower station,Mount Etna,     37.7500,     15.0000,          11,Volcanic,           4,          -1,          -1,          -1,          -1,          -1,           0,           0,105,           0,         258,1001;1005,-999,2009,Fabio Donadini,-999,-999,-1,5656
        1763,       -9999,       -9999,           1,           1,        -999,           5,       46.00,        1.70,        8.47,        0.31,           1,        -999,           5,      339.80,       54.20,        2.20,     4049.59,        -999,        -999,-999,1763 Flow,Mount Etna,     37.7510,     14.9958,          11,Volcanic,           4,           6,           3,          -1,           0,           0,           0,           0,105,           3,          36,1001;1006;1010,-999,2007,Fabio Donadini,Maxwell Brown,24/07/2017,-1,865
        1763,       -9999,       -9999,           1,           1,        -999,           1,       54.90,        5.00,       10.11,     -999.00,           5,        -999,        -999,      339.80,       54.20,        2.20,      809.92,        -999,        -999,-999,1763 Flow,Mount Etna,     37.7500,     15.0000,          11,Volcanic,           4,           0,           0,           0,           0,           0,           0,           0,105,           0,         389,1010,-999,2009,Fabio Donadini,-999,-999,-1,7545
        1780,           5,           5,           1,        -999,        -999,        -999,     -999.00,     -999.00,     -999.00,     -999.00,          32,        -999,        -999,      343.80,       56.60,        1.00,      612.00,        -999,        -999,-999,1780 Flow South Flank (4 sites),Mount Etna,     37.7500,     15.0000,          11,Volcanic,           4,          -1,          -1,          -1,          -1,          -1,           0,           0,105,           0,         258,1001;1005,-999,2009,Fabio Donadini,-999,-999,-1,5658
        1780,       -9999,       -9999,           1,           1,        -999,           5,       48.80,        7.50,        8.53,        1.31,           1,        -999,           5,      348.30,       58.30,        2.50,     3136.00,        -999,        -999,-999,1780 Flow,Mount Etna,     37.7510,     14.9958,          11,Volcanic,           4,           6,           3,          -1,           0,           0,           0,           0,105,           3,          36,1001;1006;1010,-999,2007,Fabio Donadini,Maxwell Brown,24/07/2017,-1,866
        1780,           5,           5,           1,           1,        -999,           4,       43.50,        8.70,     -999.00,     -999.00,        -999,        -999,        -999,     -999.00,     -999.00,     -999.00,     -999.00,        -999,        -999,-999,1780 Flow,Mount Etna,     37.7000,     15.0000,          11,Volcanic,           4,           1,           5,          -1,          -1,          -1,           0,           0,105,           1,          57,1001;1006;1010;1011,-999,2007,Fabio Donadini,-999,-999,-1,1405
        1792,           5,           5,           1,        -999,        -999,        -999,     -999.00,     -999.00,     -999.00,     -999.00,          18,        -999,        -999,      344.90,       56.10,        1.00,     1088.00,        -999,        -999,-999,1792 Flow SE Flank (3 sites),Mount Etna,     37.7500,     15.0000,          11,Volcanic,           4,          -1,          -1,          -1,          -1,          -1,           0,           0,105,           0,         258,1001;1005,-999,2009,Fabio Donadini,-999,-999,-1,5659
        1792,       -9999,       -9999,           1,           1,        -999,           5,       36.10,        4.10,        6.34,        0.72,           1,        -999,           5,      333.00,       57.90,        5.90,      563.06,        -999,        -999,-999,1792 Flow,Mount Etna,     37.7510,     14.9958,          11,Volcanic,           4,           6,           3,          -1,           0,           0,           0,           0,105,           3,          36,1001;1006;1010,-999,2007,Fabio Donadini,Maxwell Brown,24/07/2017,-1,867
        1792,           5,           5,           1,           1,        -999,           2,       44.00,        8.80,     -999.00,     -999.00,        -999,        -999,        -999,     -999.00,     -999.00,     -999.00,     -999.00,        -999,        -999,-999,1792 Flow,Mount Etna,     37.7000,     15.0000,          11,Volcanic,           4,           1,           5,          -1,          -1,          -1,           0,           0,105,           1,          57,1001;1006;1010;1011,-999,2007,Fabio Donadini,-999,-999,-1,1406
        1843,           5,           5,           1,        -999,        -999,        -999,     -999.00,     -999.00,     -999.00,     -999.00,          12,        -999,        -999,      345.80,       53.20,        1.10,     1349.86,        -999,        -999,-999,1843 Flow West Flank 2 km south of Bronte,Mount Etna,     37.7500,     15.0000,          11,Volcanic,           4,          -1,          -1,          -1,          -1,          -1,           0,           0,105,           0,         258,1001;1005,-999,2009,Fabio Donadini,-999,-999,-1,5660
        1843,       -9999,       -9999,           1,           1,        -999,           5,       45.30,        1.30,        8.28,        0.24,           1,        -999,           5,      345.80,       54.80,        2.00,     4900.00,        -999,        -999,-999,1843 Flow,Mount Etna,     37.7510,     14.9958,          11,Volcanic,           4,           6,           3,          -1,           0,           0,           0,           0,105,           3,          36,1001;1006;1010,-999,2007,Fabio Donadini,Maxwell Brown,24/07/2017,-1,868
        1843,           5,           5,           1,           1,        -999,           4,       41.00,        8.20,     -999.00,     -999.00,        -999,        -999,        -999,     -999.00,     -999.00,     -999.00,     -999.00,        -999,        -999,-999,1843 Flow,Mount Etna,     37.7000,     15.0000,          11,Volcanic,           4,           1,           5,          -1,          -1,          -1,           0,           0,105,           1,          57,1001;1006;1010;1011,-999,2007,Fabio Donadini,-999,-999,-1,1407
        1843,           5,           5,           1,           1,        -999,           2,       34.50,        5.00,     -999.00,     -999.00,        -999,        -999,        -999,     -999.00,     -999.00,     -999.00,     -999.00,        -999,        -999,1843,-999,Mount Etna,     37.5000,     14.0000,          11,Volcanic,           4,           7,           1,          -1,          -1,           1,           0,           0,105,           3,         142,1001;1006;1011,-999,2007,Fabio Donadini,-999,-999,-1,3485
        1853,       -9999,       -9999,           1,           1,        -999,           5,       47.70,        4.40,        8.62,        0.79,           1,        -999,           5,      350.20,       55.70,        2.50,     3136.00,        -999,        -999,-999,1853 Flow,Mount Etna,     37.7510,     14.9958,          11,Volcanic,           4,           6,           3,          -1,           0,           0,           0,           0,105,           3,          36,1001;1006;1010,-999,2007,Fabio Donadini,Maxwell Brown,24/07/2017,-1,869
        1853,           5,           5,           1,           1,        -999,           3,       32.00,        3.40,     -999.00,     -999.00,        -999,        -999,        -999,     -999.00,     -999.00,     -999.00,     -999.00,        -999,        -999,1853,-999,Mount Etna,     37.5000,     14.0000,          11,Volcanic,           4,           7,           1,          -1,          -1,           1,           0,           0,105,           3,         142,1001;1006;1011,-999,2007,Fabio Donadini,-999,-999,-1,3486
        1865,           5,           5,           1,        -999,        -999,        -999,     -999.00,     -999.00,     -999.00,     -999.00,          14,        -999,        -999,      350.00,       51.50,        1.30,      828.40,        -999,        -999,-999,1865 Flow NE Flank Citelli Road,Mount Etna,     37.7500,     15.0000,          11,Volcanic,           4,          -1,          -1,          -1,          -1,          -1,           0,           0,105,           0,         258,1001;1005,-999,2009,Fabio Donadini,-999,-999,-1,5661
        1865,       -9999,       -9999,           1,        -999,        -999,        -999,     -999.00,     -999.00,     -999.00,     -999.00,        -999,        -999,        -999,      347.50,       52.00,        3.50,     -999.00,        -999,        -999,-999,1865 Flow,Mount Etna,     37.7510,     14.9958,          11,Volcanic,           4,          -1,          -1,          -1,           0,           0,           0,           0,105,           3,          36,1005,-999,2009,Fabio Donadini,Maxwell Brown,24/07/2017,-1,870
        1865,           5,           5,           1,           1,        -999,           4,       43.30,        8.70,     -999.00,     -999.00,        -999,        -999,        -999,     -999.00,     -999.00,     -999.00,     -999.00,        -999,        -999,-999,1865 Flow,Mount Etna,     37.7000,     15.0000,          11,Volcanic,           4,           1,           5,          -1,          -1,          -1,           0,           0,105,           1,          57,1001;1006;1010;1011,-999,2007,Fabio Donadini,-999,-999,-1,1408
        1879,       -9999,       -9999,           1,           1,        -999,           5,       41.30,        1.80,     -999.00,     -999.00,        -999,        -999,        -999,     -999.00,     -999.00,     -999.00,     -999.00,        -999,        -999,-999,1879 Flow,Mount Etna,     37.7510,     14.9958,          11,Volcanic,           4,           6,           3,          -1,           0,           0,           0,           0,105,           3,          36,1001;1006;1010,-999,2007,Fabio Donadini,Maxwell Brown,24/07/2017,-1,837
        1879,       -9999,       -9999,           1,           1,        -999,           1,       37.30,        5.30,     -999.00,     -999.00,        -999,        -999,        -999,     -999.00,     -999.00,     -999.00,     -999.00,        -999,        -999,-999,1879 Flow,Mount Etna,     37.7500,     15.0000,          11,Volcanic,           4,           0,           0,           0,           0,           0,           0,           0,105,           0,         389,1010,-999,2009,Fabio Donadini,-999,-999,-1,7546
        1882,       -9999,       -9999,           1,        -999,        -999,        -999,     -999.00,     -999.00,     -999.00,     -999.00,        -999,        -999,        -999,      353.80,       50.50,        4.30,     -999.00,        -999,        -999,-999,1882 Flow,Mount Etna,     37.7510,     14.9958,          11,Volcanic,           4,          -1,          -1,          -1,           0,           0,           0,           0,105,           3,          36,1005,-999,2009,Fabio Donadini,Maxwell Brown,24/07/2017,-1,871
        1886,       -9999,       -9999,           1,           1,        -999,           5,       43.00,        2.90,        8.34,        0.56,           1,        -999,           5,      351.00,       49.80,        0.90,    24197.53,        -999,        -999,-999,1886 Flow,Mount Etna,     37.7510,     14.9958,          11,Volcanic,           4,           6,           3,          -1,           0,           0,           0,           0,105,           3,          36,1001;1006;1010,-999,2007,Fabio Donadini,Maxwell Brown,24/07/2017,-1,872
        1886,       -9999,       -9999,           1,           1,        -999,           1,       46.90,        0.90,        9.10,     -999.00,           5,        -999,        -999,      351.00,       49.80,        0.90,     4839.51,        -999,        -999,-999,1886 Flow,Mount Etna,     37.7500,     15.0000,          11,Volcanic,           4,           0,           0,           0,           0,           0,           0,           0,105,           0,         389,1010,-999,2009,Fabio Donadini,-999,-999,-1,7547
        1886,           5,           5,           1,           1,        -999,           2,       34.00,        4.30,     -999.00,     -999.00,        -999,        -999,        -999,     -999.00,     -999.00,     -999.00,     -999.00,        -999,        -999,1886,-999,Mount Etna,     37.5000,     14.0000,          11,Volcanic,           4,           7,           1,          -1,          -1,           1,           0,           0,105,           3,         142,1001;1006;1011,-999,2007,Fabio Donadini,-999,-999,-1,3487
        1886,           5,           5,           1,        -999,        -999,        -999,     -999.00,     -999.00,     -999.00,     -999.00,        -999,        -999,        -999,      348.50,       51.70,        2.20,     -999.00,        -999,        -999,-999,E33,Mount Etna,     37.7500,     15.0000,          11,Volcanic,           4,          -1,          -1,          -1,          -1,          -1,           0,           0,105,           0,         185,1005,-999,2009,Fabio Donadini,-999,-999,-1,3801
        1892,           5,           5,           1,           1,        -999,           3,       36.20,        3.10,     -999.00,     -999.00,        -999,        -999,        -999,     -999.00,     -999.00,     -999.00,     -999.00,        -999,        -999,1892,-999,Mount Etna,     37.5000,     14.0000,          11,Volcanic,           4,           7,           1,          -1,          -1,           1,           0,           0,105,           3,         142,1001;1006;1011,-999,2007,Fabio Donadini,-999,-999,-1,3488
        1910,           5,           5,           1,        -999,        -999,        -999,     -999.00,     -999.00,     -999.00,     -999.00,          10,        -999,        -999,      352.50,       51.30,        1.40,     1000.00,        -999,        -999,-999,1910 Flow South Flank,Mount Etna,     37.7500,     15.0000,          11,Volcanic,           4,          -1,          -1,          -1,          -1,          -1,           0,           0,105,           0,         258,1001;1005,-999,2009,Fabio Donadini,-999,-999,-1,5662
        1910,           0,           0,           1,           1,        -999,           7,       42.00,        5.00,     -999.00,     -999.00,        -999,        -999,        -999,     -999.00,     -999.00,     -999.00,     -999.00,        -999,        -999,-999,1910 Flow,Mount Etna,     37.7500,     15.0000,          11,Volcanic,           4,           6,          -1,          -1,          -1,          -1,           0,           0,105,           1,          80,1001;1006;1010;1011,-999,2007,Fabio Donadini,Maxwell Brown,24/07/2017,-1,2364
        1910,       -9999,       -9999,           1,        -999,        -999,        -999,     -999.00,     -999.00,     -999.00,     -999.00,        -999,        -999,        -999,      355.80,       50.70,        2.50,     -999.00,        -999,        -999,-999,1910 Flow,Mount Etna,     37.7510,     14.9958,          11,Volcanic,           4,          -1,          -1,          -1,           0,           0,           0,           0,105,           3,          36,1005,-999,2009,Fabio Donadini,Maxwell Brown,24/07/2017,-1,873
        1910,           5,           5,           1,           1,        -999,           4,       39.93,        7.88,        7.81,        1.54,           1,        -999,           6,      356.10,       49.00,        2.90,     2330.56,        -999,        -999,-999,1910 Flow,Mount Etna,     37.7000,     15.0000,          11,Volcanic,           4,           2,           1,          -1,          -1,          -1,           0,           0,105,           1,          56,1001;1006,-999,2007,Fabio Donadini,-999,-999,-1,1398
        1910,           5,           5,           1,        -999,        -999,        -999,     -999.00,     -999.00,     -999.00,     -999.00,        -999,        -999,        -999,      351.90,       51.60,        2.80,     -999.00,        -999,        -999,-999,E35,Mount Etna,     37.7500,     15.0000,          11,Volcanic,           4,          -1,          -1,          -1,          -1,          -1,           0,           0,105,           0,         185,1005,-999,2009,Fabio Donadini,-999,-999,-1,3802
        1911,       -9999,       -9999,           1,        -999,        -999,        -999,     -999.00,     -999.00,     -999.00,     -999.00,        -999,        -999,        -999,        0.70,       52.30,        3.80,     -999.00,        -999,        -999,-999,1911 Flow,Mount Etna,     37.7510,     14.9958,          11,Volcanic,           4,          -1,          -1,          -1,           0,           0,           0,           0,105,           3,          36,1005,-999,2009,Fabio Donadini,Maxwell Brown,24/07/2017,-1,874
        1911,       -9999,       -9999,           1,           1,        -999,           1,       44.00,        0.90,     -999.00,     -999.00,        -999,        -999,        -999,     -999.00,     -999.00,     -999.00,     -999.00,        -999,        -999,-999,1911 Flow,Mount Etna,     37.7500,     15.0000,          11,Volcanic,           4,           0,           0,           0,           0,           0,           0,           0,105,           0,         389,1010,-999,2009,Fabio Donadini,-999,-999,-1,7548
        1911,           5,           5,           1,           2,        -999,           5,       38.75,        2.47,     -999.00,     -999.00,        -999,        -999,        -999,     -999.00,     -999.00,     -999.00,     -999.00,        -999,        -999,1911,-999,Mount Etna,     37.5000,     14.0000,          11,Volcanic,           4,           7,           1,          -1,          -1,           1,           0,           0,105,           3,         142,1001;1006;1010;1011,-999,2007,Fabio Donadini,-999,-999,-1,3489
        1923,       -9999,       -9999,           1,           1,        -999,           5,       48.20,        5.80,        9.23,        1.11,           1,        -999,           5,      357.20,       50.90,        3.20,     1914.06,        -999,        -999,-999,1923 Flow,Mount Etna,     37.7510,     14.9958,          11,Volcanic,           4,           6,           3,          -1,           0,           0,           0,           0,105,           3,          36,1001;1006;1010,-999,2007,Fabio Donadini,Maxwell Brown,24/07/2017,-1,875
        1923,           5,           5,           1,           2,        -999,           5,       38.00,       13.15,     -999.00,     -999.00,        -999,        -999,        -999,     -999.00,     -999.00,     -999.00,     -999.00,        -999,        -999,1923,-999,Mount Etna,     37.5000,     14.0000,          11,Volcanic,           4,           7,           1,          -1,          -1,           1,           0,           0,105,           3,         142,1001;1006;1010;1011,-999,2007,Fabio Donadini,-999,-999,-1,3490
        1928,       -9999,       -9999,           1,           1,        -999,           5,       44.00,       11.60,     -999.00,     -999.00,        -999,        -999,        -999,     -999.00,     -999.00,     -999.00,     -999.00,        -999,        -999,-999,1928 Flow,Mount Etna,     37.7510,     14.9958,          11,Volcanic,           4,           6,           3,          -1,           0,           0,           0,           0,105,           3,          36,1001;1006;1010,-999,2007,Fabio Donadini,Maxwell Brown,24/07/2017,-1,838
        1928,           5,           5,           1,           1,        -999,          16,       45.21,       10.13,        8.85,        1.98,           1,        -999,           6,      356.10,       49.00,        2.90,     2330.56,        -999,        -999,-999,1928 Flow,Mount Etna,     37.7000,     15.0000,          11,Volcanic,           4,           2,           1,          -1,          -1,          -1,           0,           0,105,           1,          56,1001;1006,-999,2007,Fabio Donadini,-999,-999,-1,1399
        1928,       -9999,       -9999,           1,           1,        -999,           1,       39.20,        0.30,     -999.00,     -999.00,        -999,        -999,        -999,     -999.00,     -999.00,     -999.00,     -999.00,        -999,        -999,-999,1928 Flow,Mount Etna,     37.7500,     15.0000,          11,Volcanic,           4,           0,           0,           0,           0,           0,           0,           0,105,           0,         389,1010,-999,2009,Fabio Donadini,-999,-999,-1,7549
