  351.2    57.1 40498.94 
  349.3    56.8 14040.59 
    7.6    39.1 17937.32 
  337.7    45.1 17290.56 
    2.3    63.5 26742.59 
  351.0    66.3 42570.73 
    3.0    61.1 47873.10 
    5.0    36.5 24100.47 
  353.4    62.3 40546.72 
  358.5    55.0 30396.21 
  350.4    14.1  6076.90 
   12.8    56.1 25502.99 
  346.3    70.1 39281.70 
  357.0    65.7 25668.19 
   15.5    62.3 17339.81 
   22.6    51.5 20930.68 
  305.2    71.8 20116.45 
   12.6    60.1 29207.64 
   41.3    55.0 31102.13 
   20.8    64.1 40508.84 
    4.1    65.2 30250.95 
  354.0    53.5 12891.18 
   12.5    66.3 22062.70 
   29.7    61.4 10843.86 
   18.7    41.6 16303.63 
  355.8    57.0 39427.90 
    2.0    73.3 46835.02 
   18.8    62.5 36874.08 
  348.6    58.8 29759.15 
   16.6    59.9 37630.54 
    5.1    75.5 30397.38 
    5.5    69.9 28434.73 
   12.7    65.2 29939.68 
   17.9    46.6 26284.64 
  348.9    53.2 28502.78 
   13.9    63.8 36897.66 
  324.0    68.1 30826.23 
   37.9    68.7 13389.13 
   38.8    26.3  9974.16 
  353.7    69.8 45707.56 
  349.4    25.8 13399.36 
  347.9    64.5 30376.80 
   10.2    59.2 28654.42 
  332.0    59.6 26627.40 
  355.4    58.9 29947.33 
  356.4    60.2 36363.01 
    1.4    57.0 23867.39 
  345.8    64.3 19188.60 
  334.2    71.1 28305.77 
  325.4    56.7 18354.80 
   48.3    59.7 18278.32 
   19.1    62.2 35744.85 
   23.6    48.5 20993.93 
   14.4    65.3 62632.96 
  308.0    75.6 28621.29 
    0.0    74.3 12446.49 
   19.0    71.7 36355.26 
  351.5    54.8 30951.51 
  359.8    64.7 44212.02 
   20.1    61.7 34626.71 
  354.1    68.3 27667.61 
   20.8    60.4 40175.48 
   13.1    51.3 21214.19 
   20.6    54.4 38690.51 
  345.6    62.4 31063.41 
  350.5    51.3 22686.01 
   30.6    61.1 37927.16 
   15.7    70.6 24925.45 
  353.3    62.6 56251.93 
  352.5    55.2 24948.46 
    9.2    60.1 24343.53 
  357.2    56.7 20670.91 
    9.1    56.2 39228.45 
  340.6    56.7 33861.25 
   15.9    61.8 34124.39 
  354.5    49.3 26385.60 
   39.6    72.9 21903.50 
  351.2    64.1 31523.42 
   13.8    67.0 53570.21 
  359.0    61.1 25914.38 
  343.0    48.2 20762.98 
   18.8    63.6 24541.09 
  359.4    67.8 49789.17 
  338.5    66.5 36922.69 
  356.9    70.0 33617.26 
    5.5    45.3 19621.12 
    6.3    64.2 48095.94 
   28.2    55.6 35305.43 
    2.9    20.9  6813.39 
   10.3    42.9 14793.29 
  351.9    45.6 22915.07 
  348.4    61.7 36805.38 
   23.6    47.4 22606.40 
  359.6    67.7 37259.07 
  351.5    54.1 22956.02 
  348.8    65.1 37804.24 
