7325B 77 
        180.0  90.0   0.0   0.0   1.0
NRM    283.3 -18.6 283.3 -18.6 2.44E-07 000.4 325.6 -67.2 0.000132 0.000138 0.000030 runcorn 2014-07-26 16:21:27 
TT100  285.1 -19.7 285.1 -19.7 2.14E-07 000.4 323.9 -65.3 0.000091 0.000114 0.000008 runcorn 2014-07-26 20:37:04 
TT150  289.8 -19.9 289.8 -19.9 2.16E-07 000.5 316.9 -62.2 0.000127 0.000162 0.000042 runcorn 2014-07-26 22:57:18 
TT200  294.1 -30.0 294.1 -30.0 2.43E-07 000.5 324.8 -52.2 0.000096 0.000253 0.000028 runcorn 2014-07-27 01:18:46 
TT250  287.3 -30.1 287.3 -30.1 2.57E-07 000.6 332.9 -55.7 0.000079 0.000270 0.000047 runcorn 2014-07-27 13:25:02 
TT300  294.9 -20.2 294.9 -20.2 2.37E-07 000.5 311.2 -58.4 0.000173 0.000122 0.000029 runcorn 2014-07-27 16:15:06 
TT340  288.6 -16.9 288.6 -16.9 1.92E-07 000.5 313.6 -65.0 0.000127 0.000124 0.000035 runcorn 2014-07-27 18:46:55 
TT355  299.7 -19.8 299.7 -19.8 2.04E-07 000.8 306.0 -54.8 0.000193 0.000264 0.000025 runcorn 2014-07-27 20:34:14 
TT370  292.5 -21.4 292.5 -21.4 2.16E-07 000.8 315.7 -59.3 0.000266 0.000131 0.000045 runcorn 2014-07-27 22:39:45 
TT385  303.0 -31.7 303.0 -31.7 2.18E-07 000.5 318.6 -45.5 0.000177 0.000100 0.000076 runcorn 2014-07-28 10:23:39 
TT400  301.6 -08.3 301.6 -08.3 1.99E-07 000.7 285.5 -57.4 0.000184 0.000164 0.000015 runcorn 2014-07-28 12:54:38 
TT400  284.7 -28.0 284.7 -28.0 1.40E-07 000.9 334.5 -58.6 0.000035 0.000212 0.000086 runcorn 2014-08-04 09:54:38 
TT425  294.4 -22.9 294.4 -22.9 1.54E-07 000.6 315.7 -57.0 0.000161 0.000132 0.000113 runcorn 2014-08-04 12:11:40 
TT450  292.9 -29.0 292.9 -29.0 1.77E-07 000.8 324.9 -53.7 0.000180 0.000169 0.000091 runcorn 2014-08-04 14:32:57 
TT475  290.6 -45.2 290.6 -45.2 2.27E-07 000.3 340.8 -41.3 0.000025 0.000092 0.000065 runcorn 2014-08-04 17:11:33 
TT500  309.3 -33.0 309.3 -33.0 1.39E-07 000.8 315.7 -40.4 0.000066 0.000212 0.000031 runcorn 2014-08-04 20:09:05 
TT525  326.6 -32.7 326.6 -32.7 1.72E-07 001.0 307.6 -27.6 0.000213 0.000266 0.000034 runcorn 2014-08-04 22:32:58 
TT550  279.3 -54.7 279.3 -54.7 1.76E-07 000.9 353.5 -34.7 0.000108 0.000264 0.000071 runcorn 2014-08-05 00:22:44 
TT575  256.4 -28.4 256.4 -28.4 2.22E-07 000.5 023.4 -58.7 0.000145 0.000205 0.000126 runcorn 2014-08-05 02:42:16 
TT600  265.4 -52.5 265.4 -52.5 1.41E-07 001.3 003.5 -37.3 0.000271 0.000304 0.000075 runcorn 2014-08-05 04:46:28 
TT625  233.9 -09.8 233.9 -09.8 1.93E-07 002.9 073.7 -52.8 0.000845 0.000579 0.000100 runcorn 2014-08-05 06:51:14 
TT650  227.4  07.0 227.4  07.0 1.95E-07 000.8 100.2 -46.9 0.000216 0.000263 0.000039 runcorn 2014-08-05 09:18:34 
TT675  279.0 -13.3 279.0 -13.3 2.92E-07 000.5 326.5 -74.0 0.000201 0.000164 0.000065 runcorn 2014-08-05 11:53:26 
TT700  251.3  31.2 251.3  31.2 1.51E-07 000.8 152.0 -54.1 0.000189 0.000128 0.000044 runcorn 2014-08-05 15:05:59 
TT750  287.3 -33.0 287.3 -33.0 1.54E-07 000.9 335.3 -53.2 0.000223 0.000150 0.000046 runcorn 2014-08-05 18:06:14 
TT800  164.8  58.6 164.8  58.6 3.70E-07 000.7 149.5  07.8 0.000330 0.000434 0.000046 runcorn 2014-08-05 20:43:24 

