7325B 76 
        180.0  90.0   0.0   0.0   1.0
NRM    280.5 -34.7 280.5 -34.7 2.87E-07 000.4 345.2 -53.9 0.000107 0.000179 0.000008 runcorn 2014-07-26 16:14:03 
TT100  281.1 -39.3 281.1 -39.3 2.51E-07 000.3 346.7 -49.3 0.000088 0.000130 0.000045 runcorn 2014-07-26 20:34:28 
TT150  289.4 -37.8 289.4 -37.8 2.36E-07 000.8 336.8 -48.2 0.000049 0.000319 0.000034 runcorn 2014-07-26 23:05:14 
TT200  295.6 -33.9 295.6 -33.9 1.99E-07 000.6 327.3 -48.5 0.000203 0.000155 0.000035 runcorn 2014-07-27 01:16:14 
TT250  293.6 -30.1 293.6 -30.1 1.86E-07 000.7 325.3 -52.4 0.000115 0.000205 0.000061 runcorn 2014-07-27 13:21:21 
TT300  300.2 -33.9 300.2 -33.9 1.64E-07 000.6 323.2 -45.8 0.000151 0.000163 0.000030 runcorn 2014-07-27 16:12:09 
TT340  267.7 -47.4 267.7 -47.4 1.31E-07 000.7 002.1 -42.6 0.000115 0.000150 0.000016 runcorn 2014-07-27 18:31:19 
TT355  260.9 -35.8 260.9 -35.8 1.35E-07 000.7 012.4 -53.2 0.000128 0.000123 0.000049 runcorn 2014-07-27 20:31:58 
TT370  267.3 -36.5 267.3 -36.5 1.41E-07 000.7 003.6 -53.4 0.000196 0.000081 0.000049 runcorn 2014-07-27 22:37:14 
TT385  271.5 -38.5 271.5 -38.5 1.55E-07 000.6 358.1 -51.5 0.000100 0.000164 0.000067 runcorn 2014-07-28 10:19:02 
TT400  277.7 -46.9 277.7 -46.9 1.41E-07 000.6 352.8 -42.6 0.000149 0.000096 0.000049 runcorn 2014-07-28 12:49:51 
TT400  256.0 -69.0 256.0 -69.0 1.08E-07 001.1 005.3 -20.4 0.000094 0.000212 0.000061 runcorn 2014-08-04 09:51:22 
TT425  280.5 -67.0 280.5 -67.0 8.99E-08 001.5 355.6 -22.6 0.000071 0.000212 0.000092 runcorn 2014-08-04 12:08:06 
TT450  272.1 -59.8 272.1 -59.8 1.02E-07 000.8 358.8 -30.1 0.000165 0.000082 0.000041 runcorn 2014-08-04 14:30:00 
TT475  262.6 -42.2 262.6 -42.2 9.88E-08 000.5 008.1 -47.2 0.000045 0.000086 0.000019 runcorn 2014-08-04 17:08:39 
TT500  253.8 -43.8 253.8 -43.8 1.15E-07 000.7 016.2 -43.8 0.000118 0.000106 0.000038 runcorn 2014-08-04 20:06:25 
TT525  248.7 -29.2 248.7 -29.2 1.08E-07 001.4 033.1 -54.4 0.000257 0.000167 0.000050 runcorn 2014-08-04 22:30:01 
TT550  239.4 -19.7 239.4 -19.7 9.98E-08 000.6 054.9 -54.1 0.000081 0.000050 0.000064 runcorn 2014-08-05 00:20:30 
TT575  243.5 -18.3 243.5 -18.3 1.40E-07 000.7 053.6 -58.1 0.000147 0.000083 0.000038 runcorn 2014-08-05 02:39:13 
TT600  223.5 -42.4 223.5 -42.4 1.23E-07 000.5 038.5 -30.5 0.000197 0.000155 0.000042 runcorn 2014-08-05 04:43:50 
TT625  285.4 -27.7 285.4 -27.7 5.85E-08 002.7 333.2 -58.5 0.000175 0.000202 0.000071 runcorn 2014-08-05 06:48:56 
TT650  268.1  59.2 268.1  59.2 3.85E-08 001.4 178.9 -30.7 0.000062 0.000083 0.000042 runcorn 2014-08-05 09:14:18 
TT675  263.4  12.2 263.4  12.2 1.94E-07 000.6 152.0 -76.2 0.000136 0.000170 0.000074 runcorn 2014-08-05 11:50:45 
TT700  285.5  50.9 285.5  50.9 6.07E-08 001.3 192.3 -37.4 0.000099 0.000123 0.000012 runcorn 2014-08-05 15:02:03 
TT750  011.9 -64.1 011.9 -64.1 1.08E-07 000.7 334.6  05.1 0.000119 0.000115 0.000043 runcorn 2014-08-05 18:03:37 
TT800  124.3 -10.0 124.3 -10.0 1.28E-07 000.9 072.6  54.4 0.000156 0.000180 0.000036 runcorn 2014-08-05 20:40:47 
