BL9007-1
      0  62.0  61.5   0.0   0.0  1.00

AF     190.2  77.2 190.2  77.2 1.47E-02 000.3 188.3  18.2 0.545080 0.877853 0.203363 verhooge 2010-03-16 15:16:35 
AF 100 180.1  64.4 180.1  64.4 7.76E-03 000.5 191.8  05.5 0.507734 0.714805 0.129375 verhooge 2010-03-16 15:20:11 
AF 200 178.7  62.5 178.7  62.5 3.63E-03 000.7 192.0  03.4 0.448183 0.496078 0.057492 verhooge 2010-03-16 15:23:56 
AF 300 180.4  62.1 180.4  62.1 1.94E-03 002.5 192.9  03.5 0.328264 0.905387 0.029051 verhooge 2010-03-16 15:27:48 
AF 450 187.4  75.0 187.4  75.0 8.98E-04 004.0 188.9  16.0 0.344502 0.652897 0.053260 verhooge 2010-03-16 15:31:51 
AF 600 154.1  58.2 154.1  58.2 4.97E-04 007.2 181.1 -03.3 0.384832 0.620889 0.013564 verhooge 2010-03-16 15:36:06 
AF 800 121.4  40.8 121.4  40.8 2.08E-04 020.7 156.5 -15.1 0.372777 0.738326 0.010104 verhooge 2010-03-16 15:40:37 
