BL9008-1
      0  19.5  19.5   0.0   0.0  1.00

AF     217.3  70.9 217.3  70.9 1.31E-02 000.6 234.6  67.5 0.921015 1.028878 0.026288 verhooge 2010-03-16 15:43:27 
AF 100 200.6  62.7 200.6  62.7 5.33E-03 000.5 237.8  57.2 0.490737 0.235421 0.033590 verhooge 2010-03-16 15:47:04 
AF 200 197.3  63.6 197.3  63.6 1.84E-03 002.0 234.6  57.0 0.658512 0.261449 0.017994 verhooge 2010-03-16 15:50:49 
AF 300 179.3  61.1 179.3  61.1 8.82E-04 003.3 225.2  50.3 0.387269 0.396174 0.036396 verhooge 2010-03-16 15:54:40 
AF 450 189.3  62.7 189.3  62.7 3.94E-04 009.9 230.4  54.2 0.401048 0.694769 0.006619 verhooge 2010-03-16 15:58:43 
AF 600 170.0  56.0 170.0  56.0 3.31E-04 010.0 222.2  43.6 0.403633 0.511907 0.031252 verhooge 2010-03-16 16:02:58 
AF 800 238.1  25.9 238.1  25.9 1.64E-04 016.9 298.6  36.8 0.413279 0.392703 0.013371 verhooge 2010-03-16 16:07:29 
