BL9004-1
      0  62.9  54.0   0.0   0.0  1.00

AF     244.2  46.9 244.2  46.9 2.37E-02 000.3 229.6  26.2 0.657476 1.310987 0.334775 verhooge 2010-03-16 13:55:52 
AF 100 208.0  61.2 208.0  61.2 7.00E-03 000.6 204.4  17.0 0.536479 0.586789 0.088904 verhooge 2010-03-16 13:59:29 
AF 200 205.1  60.5 205.1  60.5 4.32E-03 000.5 203.8  15.5 0.354469 0.454747 0.054032 verhooge 2010-03-16 14:03:14 
AF 300 204.9  61.5 204.9  61.5 2.93E-03 002.0 203.0  16.2 0.239404 1.073694 0.035582 verhooge 2010-03-16 14:07:06 
AF 450 197.7  60.4 197.7  60.4 1.90E-03 002.3 200.9  13.2 0.336724 0.881905 0.024232 verhooge 2010-03-16 14:11:09 
AF 600 197.6  61.7 197.6  61.7 1.51E-03 002.9 200.1  14.2 0.429378 0.906033 0.019419 verhooge 2010-03-16 14:15:23 
AF 800 197.4  63.3 197.4  63.3 1.20E-03 003.9 199.0  15.4 0.491257 0.731339 0.016160 verhooge 2010-03-16 14:19:54 
