BL9006-1
      0 124.0  73.0   0.0   0.0  1.00

AF     174.1  66.4 174.1  66.4 1.38E-02 000.5 165.2 -01.5 0.700072 1.303689 0.230569 verhooge 2010-03-16 14:49:41 
AF 100 177.4  59.2 177.4  59.2 8.09E-03 000.4 162.1 -08.2 1.019903 0.500841 0.436849 verhooge 2010-03-16 14:53:17 
AF 200 179.7  57.5 179.7  57.5 3.74E-03 001.1 162.1 -10.3 0.978057 0.386976 0.367820 verhooge 2010-03-16 14:57:02 
AF 300 175.6  55.0 175.6  55.0 2.08E-03 002.7 158.7 -11.0 0.908352 0.785774 0.339930 verhooge 2010-03-16 15:00:54 
AF 450 174.6  54.5 174.6  54.5 1.25E-03 002.4 157.9 -11.0 0.524858 0.352456 0.324743 verhooge 2010-03-16 15:04:57 
AF 600 174.6  48.4 174.6  48.4 9.00E-04 003.7 154.0 -15.8 0.662330 0.298593 0.318325 verhooge 2010-03-16 15:09:12 
AF 800 183.6  56.3 183.6  56.3 6.16E-04 004.5 163.3 -12.4 0.387632 0.299940 0.313473 verhooge 2010-03-16 15:13:43 
