BL9001-1
      0  82.3  65.0   0.0   0.0  1.00

AF     176.4  79.3 176.4  79.3 6.43E-03 000.7 180.8  14.3 0.204429 0.794346 0.078829 verhooge 2010-03-16 12:35:19 
AF 100 180.3  67.6 180.3  67.6 4.85E-03 000.9 183.0  02.8 0.715582 0.787939 0.069758 verhooge 2010-03-16 12:38:56 
AF 200 180.3  65.5 180.3  65.5 3.66E-03 001.5 183.3  00.7 0.305252 0.952056 0.052423 verhooge 2010-03-16 12:42:40 
AF 300 177.5  65.5 177.5  65.5 2.83E-03 001.3 182.2  00.6 0.292707 0.647737 0.041755 verhooge 2010-03-16 12:46:31 
AF 450 181.1  64.8 181.1  64.8 2.20E-03 002.1 183.7  00.1 0.092356 0.801449 0.032570 verhooge 2010-03-16 12:50:34 
AF 600 175.8  62.1 175.8  62.1 1.83E-03 002.4 181.6 -02.8 0.181260 0.774018 0.026743 verhooge 2010-03-16 12:54:48 
AF 800 172.7  63.5 172.7  63.5 1.61E-03 002.8 180.2 -01.5 0.302686 0.794938 0.017860 verhooge 2010-03-16 12:59:19 
