tab	er_specimens
er_sample_name	er_specimen_name	specimen_int_uT	measurement_step_min	measurement_step_min	specimen_lab_field_dc	Anisotropy_correction_factor	NLT_correction_factor	specimen_n	specimen_int_ptrm_n	specimen_f	specimen_fvds	specimen_frac	specimen_gap_max	specimen_b_beta	specimen_dang	specimen_drats	specimen_int_mad	specimen_md
0169x171111	0169x1711112	11.59	400	550	40	1.00	-	7.00	7.00	0.57	0.53	0.56	0.28	0.05	0.67	19.92	2.48	-1.00
0169x171111	0169x1711113	11.58	327	550	40	1.00	-	10.00	7.00	0.63	0.63	0.62	0.24	0.08	2.45	14.22	3.68	-1.00
0169x171121	0169x1711214	9.92	124	475	40	1.00	-	15.00	7.00	0.42	0.27	0.46	0.18	0.09	4.42	21.03	11.02	-1.00
0169x171121	0169x1711211	7.75	375	550	40	1.00	-	8.00	7.00	0.49	0.44	0.47	0.21	0.05	2.76	14.67	2.55	-1.00
0205x311p01	0205x311p011	17.92	250	375	30	1.00	-	5.00	4.00	0.35	0.23	0.26	0.46	0.08	3.25	23.04	8.86	-1.00
0205x311p01	0205x311p012	15.83	150	325	30	1.00	-	5.00	3.00	0.36	0.27	0.31	0.48	0.04	4.51	6.05	10.71	-1.00
0205x311p02	0205x311p021	16.13	100	450	30	1.00	-	11.00	5.00	0.81	0.58	0.62	0.18	0.08	6.72	24.90	6.18	-1.00
0205x311p02	0205x311p022	16.12	250	400	30	1.00	-	6.00	5.00	0.45	0.24	0.29	0.33	0.06	1.15	11.58	11.19	-1.00
0238x551xxx	0238x551xxx1	38.17	450	525	50	1.00	-	4.00	9.00	0.44	0.27	0.27	0.39	0.09	1.91	21.65	3.38	-1.00
0238x551xxx	0238x551xxx3	38.40	300	550	50	1.00	-	11.00	8.00	0.93	0.51	0.55	0.14	0.09	4.10	15.88	6.62	-1.00
0238x552xxx	0238x552xxx2	22.96	425	550	50	1.00	-	6.00	8.00	0.65	0.39	0.46	0.43	0.06	2.02	6.26	8.62	-1.00
0238x552xxx	0238x552xxx1	22.97	125	585	50	1.00	-	19.00	9.00	0.98	0.56	0.94	0.18	0.05	0.94	1.12	7.60	-1.00
0238x562049	0238x5620493	25.37	350	525	50	1.00	-	8.00	8.00	0.60	0.49	0.48	0.16	0.09	1.45	20.85	3.87	-1.00
0238x562049	0238x5620492	25.38	275	475	50	1.00	-	9.00	8.00	0.50	0.41	0.47	0.20	0.07	1.92	6.88	6.31	-1.00
0238x572106	0238x5721061	9.11	350	525	40	1.00	-	8.00	8.00	0.62	0.57	0.63	0.30	0.07	4.05	2.34	2.72	-1.00
0238x572106	0238x5721062	9.11	250	425	40	1.00	-	8.00	6.00	0.55	0.43	0.48	0.24	0.04	4.21	0.88	5.11	-1.00
0238x572106	0238x5721063	9.11	325	450	40	1.00	-	6.00	7.00	0.45	0.28	0.34	0.23	0.02	5.60	2.77	11.88	-1.00
0238x582104	0238x5821041	8.24	150	525	40	1.00	-	15.00	8.00	0.88	0.43	0.64	0.19	0.04	0.94	1.37	10.56	-1.00
0238x582104	0238x5821046	8.28	100	425	40	1.00	-	12.00	6.00	0.85	0.44	0.49	0.34	0.06	1.37	28.44	4.85	-1.00
0238x582104	0238x5821045	8.16	100	325	40	1.00	-	8.00	4.00	0.72	0.36	0.41	0.36	0.10	4.69	20.18	2.64	-1.00
0238x582104	0238x5821044	8.23	100	325	40	1.00	-	8.00	4.00	0.57	0.30	0.38	0.30	0.07	7.50	16.88	8.06	-1.00
0238x601104	0238x6011043	9.77	0	500	40	1.00	-	16.00	8.00	0.93	0.62	0.91	0.15	0.02	13.10	0.25	11.06	-1.00
0238x601104	0238x6011042	10.04	350	475	50	1.00	-	6.00	7.00	0.48	0.22	0.24	0.34	0.06	2.58	4.84	7.80	-1.00
0238x601104	0238x6011041	9.93	400	475	50	1.00	-	4.00	8.00	0.30	0.22	0.24	0.43	0.09	14.24	1.61	12.26	-1.00
0238x601104	0238x6011044	9.78	400	525	40	1.00	-	6.00	8.00	0.57	0.51	0.50	0.47	0.08	1.92	2.23	0.98	-1.00
0238x602131	0238x6021311	9.28	325	450	50	1.00	-	6.00	8.00	0.43	0.23	0.27	0.26	0.04	11.24	2.58	10.49	-1.00
0238x602131	0238x6021312	9.27	250	550	50	1.00	-	12.00	7.00	1.00	0.56	0.66	0.13	0.08	1.88	9.25	6.92	-1.00
0238x604057	0238x6040573	8.57	250	400	40	1.00	-	7.00	6.00	0.42	0.32	0.37	0.39	0.10	14.87	2.36	5.90	-1.00
0238x604057	0238x6040575	8.61	325	500	40	1.00	-	8.00	8.00	0.58	0.51	0.63	0.24	0.09	7.05	9.25	5.77	-1.00
0238x604057	0238x6040574	8.59	100	500	40	1.00	-	15.00	8.00	0.88	0.66	0.82	0.15	0.02	12.10	12.86	6.25	-1.00
0322x12c000	0322x12c0002	24.72	150	475	30	1.00	-	11.00	6.00	0.76	0.67	0.71	0.20	0.03	3.32	8.16	3.58	-1.00
0322x12c000	0322x12c0001	24.72	0	400	30	1.00	-	10.00	5.00	0.80	0.75	0.82	0.23	0.02	2.94	8.82	3.28	-1.00
0322x13c000	0322x13c0001	26.82	250	525	30	1.00	-	11.00	6.00	0.55	0.36	0.43	0.40	0.06	10.70	11.47	6.86	-1.00
0322x13c000	0322x13c0002	26.86	0	400	30	1.00	-	10.00	4.00	0.77	0.65	0.82	0.25	0.04	7.83	27.92	7.81	-1.00
0332a181000	0332a1810003	19.42	0	325	30	1.00	-	7.00	3.00	0.51	0.38	0.54	0.31	0.09	11.36	26.38	13.41	-1.00
0332a181000	0332a1810002	10.78	200	500	30	1.00	-	11.00	6.00	0.76	0.42	0.50	0.12	0.08	2.23	6.78	13.65	-1.00
0335x052129	0335x0521291	32.84	200	470	50	1.00	-	11.00	5.00	0.93	0.80	0.85	0.17	0.07	1.28	11.05	5.33	-1.00
0335x052129	0335x0521293	32.91	370	470	50	1.00	-	4.00	5.00	0.42	0.23	0.25	0.44	0.07	11.43	22.25	8.56	-1.00
0335x063021	0335x0630212	20.28	325	425	50	1.00	-	5.00	5.00	0.27	0.22	0.24	0.37	0.08	6.19	26.23	10.93	-1.00
0335x063021	0335x0630214	21.15	0	350	40	1.00	-	10.00	6.00	0.44	0.28	0.39	0.24	0.10	5.33	6.65	10.36	-1.00
0335x063060	0335x0630601	6.69	250	470	50	1.00	-	9.00	5.00	0.63	0.38	0.41	0.18	0.10	3.71	8.87	6.18	-1.00
0335x063060	0335x0630602	6.87	125	425	50	1.00	-	12.00	5.00	0.90	0.77	0.88	0.17	0.09	0.71	26.46	3.08	-1.00
0335x064091	0335x0640915	18.83	300	550	40	1.00	-	10.00	9.00	0.71	0.62	0.73	0.21	0.10	4.32	28.48	7.90	-1.00
0335x064091	0335x0640914	19.17	350	525	40	1.00	-	7.00	9.00	0.59	0.37	0.62	0.29	0.06	4.22	27.66	13.40	-1.00
0335x064091	0335x0640911	19.49	275	470	50	1.00	-	8.00	5.00	0.41	0.40	0.43	0.25	0.10	2.53	3.09	3.95	-1.00
0335x072002	0335x0720023	6.01	350	470	50	1.00	-	5.00	4.00	0.51	0.29	0.36	0.22	0.06	5.68	4.82	11.88	-1.00
0335x072002	0335x0720021	7.13	250	450	50	1.00	-	8.00	4.00	0.75	0.34	0.51	0.23	0.10	1.54	16.65	14.80	-1.00
0335x091058	0335x0910582	28.38	125	470	50	1.00	-	12.00	4.00	0.78	0.56	0.86	0.28	0.07	5.69	9.17	13.18	-1.00
0335x091058	0335x0910583	16.15	275	470	50	1.00	-	7.00	4.00	0.63	0.51	0.53	0.23	0.09	0.81	0.91	4.95	-1.00
0335x091058	0335x0910584	21.91	325	450	40	1.00	-	6.00	8.00	0.45	0.38	0.51	0.37	0.04	2.07	23.41	10.30	-1.00
0335x091058	0335x0910585	20.71	300	500	40	1.00	-	8.00	9.00	0.80	0.38	0.63	0.27	0.08	3.41	19.75	14.38	-1.00
0335x094127	0335x0941271	17.74	150	425	40	1.00	-	11.00	7.00	0.39	0.28	0.50	0.14	0.05	4.60	10.90	12.52	-1.00
0335x094127	0335x0941272	17.95	150	550	40	1.00	-	15.00	9.00	1.01	0.69	0.92	0.24	0.05	2.15	12.31	3.30	-1.00
0335x094127	0335x0941273	17.47	375	450	40	1.00	-	4.00	8.00	0.36	0.25	0.30	0.42	0.08	13.83	20.32	14.19	-1.00
0335x101145	0335x1011453	22.49	200	400	50	1.00	-	8.00	4.00	0.27	0.21	0.32	0.33	0.10	13.27	6.45	14.59	-1.00
0335x101145	0335x1011452	22.18	125	425	50	1.00	-	11.00	4.00	0.50	0.43	0.56	0.18	0.04	12.52	20.08	13.22	-1.00
0335x103141	0335x1031411	19.98	300	470	50	1.00	-	6.00	3.00	0.59	0.50	0.54	0.39	0.06	3.69	2.29	4.89	-1.00
0335x103141	0335x1031412	19.95	250	470	50	1.00	-	8.00	3.00	0.67	0.57	0.60	0.39	0.05	3.00	0.30	5.10	-1.00
0335x133006	0335x1330062	18.82	150	375	40	1.00	-	9.00	6.00	0.26	0.22	0.32	0.17	0.06	10.28	10.92	10.21	-1.00
0335x133006	0335x1330063	18.74	400	525	40	1.00	-	5.00	9.00	0.41	0.24	0.32	0.36	0.10	11.78	20.76	9.65	-1.00
0335x133006	0335x1330061	17.69	125	470	50	1.00	-	13.00	5.00	0.87	0.69	0.83	0.17	0.06	3.76	20.32	8.72	-1.00
0335x133006	0335x1330064	17.68	300	550	40	1.00	-	10.00	9.00	0.84	0.47	0.73	0.24	0.08	4.90	29.67	9.91	-1.00
0395a542p08	0395a542p081	23.31	325	500	30	1.00	-	7.00	4.00	0.32	0.25	0.28	0.21	0.06	2.40	8.86	3.69	-1.00
0395a542p08	0395a542p082	32.54	150	550	30	1.00	-	14.00	7.00	0.61	0.31	0.37	0.19	0.09	5.75	3.40	11.39	-1.00
0396b141028	0396b1410282	13.12	200	350	40	1.00	-	7.00	6.00	0.53	0.45	0.53	0.20	0.09	11.53	14.46	6.22	-1.00
0396b141028	0396b1410283	13.20	250	450	40	1.00	-	9.00	8.00	0.63	0.48	0.59	0.31	0.09	5.34	29.36	7.18	-1.00
0396b141028	0396b1410281	13.15	250	400	50	1.00	-	7.00	6.00	0.46	0.29	0.36	0.27	0.03	4.43	0.07	13.46	-1.00
0396b141028	0396b1410284	13.10	150	325	40	1.00	-	7.00	5.00	0.66	0.50	0.50	0.23	0.08	6.91	12.90	4.15	-1.00
0396b143031	0396b1430314	15.49	150	450	40	1.00	-	12.00	7.00	0.80	0.62	0.72	0.22	0.04	6.22	19.47	4.51	-1.00
0396b143031	0396b1430315	15.49	0	450	40	1.00	-	14.00	7.00	0.93	0.72	0.92	0.18	0.03	3.13	10.26	6.22	-1.00
0396b143031	0396b1430313	15.49	200	275	40	1.00	-	4.00	3.00	0.25	0.23	0.24	0.44	0.10	2.02	16.25	4.14	-1.00
0396b151039	0396b1510393	12.46	0	300	40	1.00	-	8.00	5.00	0.45	0.32	0.39	0.19	0.07	4.00	14.50	12.09	-1.00
0396b151039	0396b1510392	12.44	0	350	40	1.00	-	10.00	6.00	0.76	0.54	0.62	0.25	0.03	8.31	14.82	6.51	-1.00
0396b151039	0396b1510391	12.46	175	275	50	1.00	-	5.00	4.00	0.35	0.28	0.29	0.33	0.09	5.53	5.66	5.02	-1.00
0407x462021	0407x4620213	22.33	350	425	40	1.00	-	4.00	6.00	0.27	0.30	0.34	0.39	0.04	9.20	16.83	12.44	-1.00
0407x462021	0407x4620211	22.16	250	500	40	1.00	-	9.00	6.00	0.79	0.53	0.67	0.24	0.09	1.68	8.45	11.67	-1.00
0407x463051	0407x4630511	25.67	150	350	40	1.00	-	7.00	5.00	0.42	0.28	0.33	0.32	0.10	7.42	11.21	12.54	-1.00
0407x463051	0407x4630513	25.70	200	350	40	1.00	-	6.00	5.00	0.36	0.29	0.35	0.32	0.08	14.11	1.73	10.79	-1.00
0407x464057	0407x4640571	29.32	150	350	40	1.00	-	7.00	5.00	0.45	0.38	0.43	0.28	0.07	14.44	2.92	14.14	-1.00
0407x464057	0407x4640573	29.38	200	350	40	1.00	-	6.00	5.00	0.37	0.34	0.35	0.36	0.09	8.66	7.54	6.77	-1.00
0407x464057	0407x4640575	29.48	100	350	40	1.00	-	9.00	6.00	0.57	0.61	0.63	0.17	0.07	5.56	29.10	4.03	-1.00
0410a017004	0410a0170041	6.81	150	500	40	1.00	-	13.00	6.00	0.81	0.71	0.86	0.30	0.09	3.10	18.03	4.58	-1.00
0410a017004	0410a0170042	6.76	100	450	40	1.00	-	12.00	6.00	0.94	0.73	0.89	0.28	0.06	7.36	4.85	12.93	-1.00
0410a043026	0410a0430263	10.56	150	325	40	1.00	-	7.00	5.00	0.53	0.28	0.35	0.33	0.09	14.88	17.93	8.32	-1.00
0410a043026	0410a0430262	9.70	250	425	40	1.00	-	7.00	6.00	0.46	0.29	0.32	0.44	0.09	2.59	1.85	8.96	-1.00
0410a043026	0410a0430261	9.63	225	425	40	1.00	-	8.00	6.00	0.40	0.29	0.39	0.33	0.09	4.85	2.42	12.75	-1.00
0417d022p2a	0417d022p2a1	9.23	200	501	40	1.00	-	13.00	4.00	0.85	0.37	0.46	0.28	0.05	8.27	0.26	9.09	-1.00
0417d022p2a	0417d022p2a4	9.23	351	525	40	1.00	-	8.00	4.00	0.63	0.37	0.41	0.50	0.03	0.55	2.49	2.74	-1.00
0417d022p2b	0417d022p2b1	11.22	252	376	40	1.00	-	6.00	4.00	0.30	0.21	0.21	0.26	0.04	4.39	5.95	3.50	-1.00
0417d022p2b	0417d022p2b4	10.07	280	450	40	1.00	-	8.00	4.00	0.39	0.26	0.28	0.24	0.04	4.23	5.69	6.22	-1.00
0417d022p2d	0417d022p2d2	10.22	175	376	40	1.00	-	9.00	4.00	0.34	0.26	0.27	0.21	0.04	4.31	10.83	5.31	-1.00
0417d022p2d	0417d022p2d4	10.22	135	488	40	1.00	-	15.00	4.00	0.81	0.63	0.74	0.30	0.04	2.31	3.28	3.66	-1.00
0417d022p2e	0417d022p2e1	18.51	325	501	40	1.00	-	8.00	4.00	0.68	0.55	0.59	0.44	0.01	1.40	1.03	1.88	-1.00
0417d022p2e	0417d022p2e3	18.51	225	351	40	1.00	-	6.00	4.00	0.23	0.20	0.22	0.24	0.04	4.87	7.13	5.93	-1.00
0417d022p4a	0417d022p4a3	5.89	252	501	40	1.00	-	11.00	4.00	0.86	0.34	0.35	0.25	0.09	4.68	4.31	5.20	-1.00
0417d022p4a	0417d022p4a1	5.89	300	488	40	1.00	-	8.00	4.00	0.61	0.25	0.28	0.45	0.07	0.96	1.71	1.88	-1.00
0417d022p4c	0417d022p4c3	8.93	200	525	40	1.00	-	14.00	4.00	0.93	0.65	0.72	0.28	0.02	1.63	2.24	3.59	-1.00
0417d022p4c	0417d022p4c4	8.93	150	525	40	1.00	-	16.00	4.00	0.96	0.70	0.79	0.23	0.03	1.12	0.97	2.89	-1.00
0418a035p2a	0418a035p2a5	35.47	100	353	40	1.00	-	10.00	3.00	0.66	0.59	0.60	0.30	0.07	2.91	0.82	2.92	-1.00
0418a035p2a	0418a035p2a4	35.44	0	353	40	1.00	-	11.00	3.00	0.77	0.66	0.75	0.28	0.07	4.57	2.86	8.79	-1.00
0418a035p2b	0418a035p2b4	20.28	275	450	40	1.00	-	7.00	5.00	0.48	0.25	0.30	0.21	0.08	3.37	16.96	11.20	-1.00
0418a035p2b	0418a035p2b5	13.53	177	300	40	1.00	-	6.00	3.00	0.44	0.23	0.26	0.30	0.04	12.91	4.35	11.91	-1.00
0418a035p2d	0418a035p2d3	6.52	100	575	40	1.00	-	18.00	6.00	1.17	0.54	0.78	0.10	0.10	8.64	28.15	13.93	-1.00
0418a035p2d	0418a035p2d4	11.95	151	575	40	1.00	-	16.00	6.00	1.12	0.46	0.74	0.11	0.10	8.62	20.54	12.96	-1.00
0418a066001	0418a0660014	12.58	450	550	40	1.00	-	5.00	6.00	0.68	0.42	0.43	0.42	0.04	2.61	4.36	2.03	-1.00
0418a066001	0418a0660013	10.69	200	475	40	1.00	-	12.00	6.00	0.41	0.25	0.30	0.32	0.03	11.32	12.16	8.63	-1.00
0418a066004	0418a0660042	25.32	325	550	40	1.00	-	10.00	6.00	0.50	0.29	0.31	0.20	0.07	1.08	9.41	6.59	-1.00
0418a066004	0418a0660043	25.32	226	425	40	1.00	-	9.00	6.00	0.52	0.32	0.34	0.17	0.04	1.45	18.20	4.60	-1.00
0418a067003	0418a0670034	10.58	174	525	40	1.00	-	15.00	6.00	0.95	0.68	0.73	0.28	0.02	1.72	9.83	3.35	-1.00
0418a067003	0418a0670033	10.58	400	525	40	1.00	-	6.00	6.00	0.82	0.60	0.59	0.37	0.05	1.53	9.30	1.28	-1.00
0420x141000	0420x1410002	18.93	100	375	30	1.00	-	8.00	4.00	0.58	0.46	0.49	0.24	0.03	14.80	5.57	4.01	-1.00
0420x141000	0420x1410001	14.77	100	250	30	1.00	-	4.00	2.00	0.52	0.30	0.30	0.40	0.05	3.92	7.38	6.57	-1.00
0423x081p01	0423x081p012	19.52	100	425	50	1.00	-	10.00	5.00	0.83	0.41	0.47	0.25	0.04	2.35	5.43	6.28	-1.00
0423x081p01	0423x081p011	12.29	100	300	30	1.00	-	5.00	3.00	0.71	0.42	0.47	0.31	0.09	13.04	0.08	13.33	-1.00
0447a182119	0447a1821192	8.84	150	475	50	1.00	-	14.00	7.00	0.48	0.31	0.56	0.19	0.07	7.67	7.49	13.84	-1.00
0447a182119	0447a1821191	8.85	125	550	50	1.00	-	18.00	8.00	0.92	0.55	0.89	0.11	0.05	10.29	13.08	14.12	-1.00
0462a394p07	0462a394p072	15.77	425	550	40	1.00	-	6.00	7.00	0.70	0.51	0.50	0.31	0.07	1.35	23.66	2.27	-1.00
0462a394p07	0462a394p071	15.77	400	525	40	1.00	-	6.00	7.00	0.64	0.40	0.40	0.29	0.09	0.16	8.02	0.82	-1.00
0462a394p10	0462a394p102	12.25	127	425	40	1.00	-	13.00	6.00	0.85	0.50	0.63	0.17	0.06	9.72	19.57	5.13	-1.00
0462a394p10	0462a394p103	12.25	127	300	40	1.00	-	8.00	4.00	0.81	0.54	0.59	0.30	0.09	3.40	24.23	2.90	-1.00
0469x461p01	0469x461p012	12.26	100	350	30	1.00	-	7.00	4.00	0.66	0.48	0.52	0.31	0.07	9.42	21.88	5.92	-1.00
0469x461p01	0469x461p011	12.26	350	475	30	1.00	-	6.00	6.00	0.38	0.25	0.26	0.46	0.07	6.19	12.92	1.92	-1.00
0470a085075	0470a0850754	37.52	225	375	40	1.00	-	7.00	6.00	0.39	0.36	0.38	0.21	0.07	2.50	8.73	3.38	-1.00
0470a085075	0470a0850753	37.55	200	350	40	1.00	-	7.00	6.00	0.26	0.24	0.28	0.25	0.08	2.16	13.25	6.74	-1.00
0470a085075	0470a0850752	37.48	225	425	40	1.00	-	9.00	7.00	0.58	0.55	0.57	0.16	0.05	0.92	19.75	2.42	-1.00
0470a085075	0470a0850751	37.54	275	425	50	1.00	-	7.00	7.00	0.41	0.26	0.29	0.26	0.09	8.78	6.89	8.28	-1.00
0470a131039	0470a1310397	33.95	100	375	40	1.00	-	10.00	6.00	0.63	0.45	0.53	0.34	0.09	2.01	21.99	4.87	-1.00
0470a131039	0470a1310396	31.59	0	325	40	1.00	-	9.00	5.00	1.07	0.75	0.81	0.41	0.09	6.28	27.91	8.36	-1.00
0470a131039	0470a1310395	29.29	100	325	40	1.00	-	8.00	5.00	0.70	0.41	0.46	0.36	0.09	2.70	29.99	5.47	-1.00
0470a131039	0470a1310394	32.13	100	400	40	1.00	-	11.00	7.00	0.42	0.36	0.52	0.15	0.08	4.58	22.71	7.17	-1.00
0470a131039	0470a1310393	33.66	150	350	40	1.00	-	8.00	6.00	0.22	0.21	0.26	0.28	0.07	3.16	10.85	9.54	-1.00
0470a131039	0470a1310392	32.09	100	550	40	1.00	-	16.00	9.00	1.03	0.90	0.97	0.21	0.05	3.25	27.69	4.34	-1.00
0474a463000	0474a4630002	17.41	150	500	30	1.00	-	12.00	6.00	1.05	0.78	0.78	0.18	0.10	2.89	28.01	6.67	-1.00
0474a463000	0474a4630001	17.41	100	325	30	1.00	-	6.00	3.00	0.42	0.37	0.42	0.37	0.04	10.43	0.58	7.21	-1.00
0474a483p01	0474a483p012	22.61	200	425	30	1.00	-	8.00	5.00	0.53	0.35	0.45	0.22	0.07	12.32	6.70	13.25	-1.00
0474a483p01	0474a483p011	17.53	300	425	30	1.00	-	6.00	5.00	0.44	0.27	0.30	0.29	0.05	7.12	16.16	7.79	-1.00
0474a484p09	0474a484p091	15.35	100	300	30	1.00	-	5.00	3.00	0.68	0.54	0.67	0.43	0.05	9.30	16.55	13.80	-1.00
0474a484p09	0474a484p092	10.72	150	350	30	1.00	-	6.00	3.00	0.71	0.55	0.60	0.47	0.07	5.30	8.42	5.66	-1.00
0474a491000	0474a4910001	13.44	200	400	30	1.00	-	7.00	4.00	0.41	0.24	0.28	0.27	0.02	5.66	2.80	10.24	-1.00
0474a491000	0474a4910002	12.08	150	400	30	1.00	-	8.00	4.00	0.50	0.27	0.34	0.22	0.03	10.92	8.42	14.41	-1.00
0474a492p04	0474a492p042	22.80	250	450	30	1.00	-	7.00	5.00	0.56	0.32	0.31	0.31	0.08	3.32	1.67	4.09	-1.00
0474a492p04	0474a492p041	22.40	200	475	30	1.00	-	10.00	6.00	0.66	0.31	0.33	0.20	0.07	8.97	15.81	10.79	-1.00
0483b121000	0483b1210002	10.20	200	375	30	1.00	-	6.00	4.00	0.45	0.36	0.46	0.34	0.05	3.69	12.85	8.35	-1.00
0483b121000	0483b1210001	10.22	200	375	30	1.00	-	6.00	4.00	0.44	0.38	0.40	0.35	0.08	10.86	19.42	4.14	-1.00
0483b201p13	0483b201p132	36.33	250	450	30	1.00	-	8.00	6.00	0.46	0.25	0.25	0.44	0.08	4.63	12.46	3.92	-1.00
0483b201p13	0483b201p131	31.12	100	250	30	1.00	-	4.00	2.00	0.48	0.46	0.46	0.43	0.02	2.30	9.69	3.27	-1.00
0483b222p03	0483b222p032	13.21	375	550	30	1.00	-	8.00	7.00	0.57	0.24	0.28	0.22	0.09	3.36	5.30	7.24	-1.00
0483b222p03	0483b222p031	5.83	150	300	30	1.00	-	4.00	3.00	0.62	0.31	0.32	0.45	0.09	8.77	13.81	6.00	-1.00
0483b303p4c	0483b303p4c1	20.72	150	500	30	1.00	-	12.00	6.00	0.55	0.28	0.31	0.34	0.04	10.75	0.06	6.74	-1.00
0483b303p4c	0483b303p4c2	14.28	200	475	30	1.00	-	10.00	6.00	0.64	0.23	0.26	0.31	0.06	12.95	5.98	12.51	-1.00
0483x213p01	0483x213p012	16.51	100	400	30	1.00	-	9.00	4.00	0.77	0.62	0.73	0.27	0.08	5.60	1.65	6.95	-1.00
0483x213p01	0483x213p011	23.23	100	500	30	1.00	-	13.00	6.00	0.97	0.46	0.55	0.22	0.09	5.61	3.74	12.64	-1.00
0495x483p03	0495x483p031	19.31	375	550	30	1.00	-	8.00	7.00	0.58	0.58	0.61	0.25	0.06	1.69	5.41	6.59	-1.00
0495x483p03	0495x483p032	19.29	0	500	30	1.00	-	14.00	7.00	0.95	0.62	0.92	0.14	0.04	8.63	17.18	9.37	-1.00
0520x311020	0520x3110201	23.32	275	475	50	1.00	-	9.00	6.00	0.35	0.21	0.22	0.19	0.04	1.12	2.39	6.62	-1.00
0520x311020	0520x3110202	32.13	300	425	50	1.00	-	6.00	6.00	0.36	0.21	0.22	0.24	0.03	2.96	1.52	5.53	-1.00
0522b051p01	0522b051p012	14.62	150	475	50	1.00	-	13.00	7.00	0.55	0.43	0.62	0.17	0.09	2.46	7.89	8.59	-1.00
0522b051p01	0522b051p011	14.42	200	585	50	1.00	-	15.00	8.00	1.08	0.79	0.83	0.16	0.10	2.76	23.47	3.03	-1.00
0525a005p6b	0525a005p6b4	65.20	175	416	50	1.00	-	10.00	6.00	0.89	0.73	0.71	0.18	0.05	0.87	15.15	1.77	-1.00
0525a005p6b	0525a005p6b1	65.20	175	375	50	1.00	-	9.00	6.00	0.70	0.46	0.46	0.23	0.04	2.11	11.68	3.33	-1.00
0525a592p3h	0525a592p3h2	61.27	149	450	50	1.00	-	13.00	7.00	0.85	0.70	0.78	0.22	0.03	0.81	2.82	2.99	-1.00
0525a592p3h	0525a592p3h3	61.27	125	475	50	1.00	-	15.00	7.00	0.98	0.78	0.79	0.13	0.04	1.01	1.80	4.36	-1.00
0525a594p1r	0525a594p1r1	68.24	175	375	50	1.00	-	9.00	5.00	0.90	0.56	0.71	0.25	0.07	5.50	19.96	8.28	-1.00
0525a594p1r	0525a594p1r3	68.23	250	375	50	1.00	-	6.00	5.00	0.85	0.63	0.64	0.44	0.06	0.44	3.51	3.63	-1.00
0543a132p03	0543a132p034	10.37	225	465	40	1.00	-	9.00	4.00	0.59	0.33	0.45	0.35	0.05	9.34	9.84	10.88	-1.00
0543a132p03	0543a132p031	7.91	0	500	40	1.00	-	15.00	3.00	0.96	0.69	0.86	0.19	0.08	13.74	3.49	12.49	-1.00
0543a152p3a	0543a152p3a1	8.78	200	500	40	1.00	-	11.00	4.00	0.83	0.26	0.29	0.19	0.06	3.11	8.27	6.40	-1.00
0543a152p3a	0543a152p3a4	8.79	200	525	40	1.00	-	12.00	4.00	0.83	0.22	0.31	0.18	0.05	5.69	5.15	8.80	-1.00
0556x031140	0556x0311402	14.19	150	475	40	1.00	-	12.00	5.00	0.87	0.31	0.49	0.18	0.09	2.98	2.13	7.67	-1.00
0556x031140	0556x0311401	14.30	150	450	40	1.00	-	12.00	6.00	0.85	0.33	0.39	0.19	0.09	5.09	16.44	9.04	-1.00
0556x041091	0556x0410913	12.39	200	275	40	1.00	-	4.00	3.00	0.35	0.29	0.30	0.35	0.06	5.25	11.19	8.82	-1.00
0556x041091	0556x0410912	21.57	100	375	40	1.00	-	11.00	4.00	0.89	0.35	0.59	0.29	0.10	13.21	10.79	13.22	-1.00
0556x041091	0556x0410915	11.95	200	275	40	1.00	-	4.00	3.00	0.30	0.27	0.27	0.39	0.07	1.69	11.26	4.65	-1.00
0556x041091	0556x0410914	10.84	275	425	40	1.00	-	7.00	6.00	0.30	0.27	0.32	0.21	0.07	8.95	13.34	11.42	-1.00
0556x051116	0556x0511166	22.84	100	400	40	1.00	-	11.00	6.00	0.60	0.47	0.59	0.25	0.07	10.97	14.14	7.79	-1.00
0556x051116	0556x0511164	22.97	150	375	40	1.00	-	9.00	5.00	0.45	0.36	0.40	0.34	0.08	9.42	22.89	9.11	-1.00
0556x051116	0556x0511165	22.85	100	450	40	1.00	-	13.00	7.00	0.76	0.53	0.80	0.26	0.08	0.51	29.42	13.34	-1.00
0556x052084	0556x0520845	12.64	150	550	40	1.00	-	16.00	8.00	0.79	0.47	0.80	0.15	0.09	4.35	21.43	12.68	-1.00
0556x052084	0556x0520846	10.54	150	475	40	1.00	-	13.00	7.00	0.70	0.42	0.70	0.27	0.10	14.96	25.33	14.26	-1.00
0556x052084	0556x0520841	12.27	225	500	40	1.00	-	11.00	6.00	0.82	0.42	0.41	0.25	0.09	2.13	6.73	2.31	-1.00
0556x052084	0556x0520843	11.97	200	475	40	1.00	-	11.00	6.00	0.75	0.24	0.28	0.21	0.05	6.69	10.15	6.85	-1.00
0556x062055	0556x0620552	30.15	250	375	40	1.00	-	6.00	5.00	0.36	0.36	0.35	0.29	0.06	3.47	16.46	4.17	-1.00
0556x062055	0556x0620553	30.15	275	400	40	1.00	-	6.00	6.00	0.22	0.22	0.23	0.31	0.08	1.86	14.93	5.74	-1.00
0556x062055	0556x0620551	30.15	200	500	40	1.00	-	13.00	8.00	0.70	0.70	0.71	0.18	0.05	6.49	19.96	3.75	-1.00
0556x084002	0556x0840022	27.47	350	450	40	1.00	-	5.00	6.00	0.28	0.27	0.27	0.42	0.10	4.35	2.35	4.10	-1.00
0556x084002	0556x0840021	27.57	350	450	40	1.00	-	5.00	6.00	0.35	0.31	0.33	0.40	0.08	6.55	3.84	4.99	-1.00
0559a073011	0559a0730111	10.28	100	400	40	1.00	-	11.00	6.00	0.67	0.56	0.68	0.16	0.04	5.79	14.75	6.80	-1.00
0559a073011	0559a0730112	10.27	100	425	40	1.00	-	12.00	6.00	0.74	0.69	0.78	0.18	0.03	3.94	14.90	5.62	-1.00
0559a073011	0559a0730113	10.28	225	475	40	1.00	-	11.00	7.00	0.45	0.41	0.44	0.20	0.04	3.21	22.05	4.62	-1.00
0559x031011	0559x0310113	7.82	150	375	40	1.00	-	9.00	5.00	0.64	0.48	0.58	0.23	0.09	10.79	21.40	7.99	-1.00
0559x031011	0559x0310112	8.00	100	375	40	1.00	-	10.00	5.00	0.55	0.30	0.48	0.27	0.10	5.21	15.72	6.73	-1.00
0559x031011	0559x0310114	8.27	200	350	40	1.00	-	7.00	5.00	0.46	0.28	0.38	0.21	0.09	6.93	28.17	12.30	-1.00
0559x031011	0559x0310116	8.83	100	350	40	1.00	-	9.00	5.00	0.64	0.34	0.60	0.21	0.09	0.95	17.66	13.55	-1.00
0562x011p05	0562x011p054	14.36	0	350	50	1.00	-	10.00	6.00	0.75	0.43	0.60	0.22	0.09	11.76	15.01	10.42	-1.00
0562x011p05	0562x011p051	12.08	0	400	50	1.00	-	12.00	6.00	0.92	0.67	0.85	0.42	0.10	7.12	4.16	11.21	-1.00
0562x011p05	0562x011p052	13.44	0	525	50	1.00	-	16.00	9.00	1.04	0.58	0.98	0.13	0.10	9.27	13.74	8.46	-1.00
0562x011p05	0562x011p053	13.56	0	350	50	1.00	-	10.00	6.00	0.78	0.40	0.63	0.18	0.09	5.89	12.76	11.72	-1.00
0562x012114	0562x0121142	12.59	225	525	40	1.00	-	13.00	8.00	0.74	0.53	0.65	0.17	0.08	7.23	11.78	3.89	-1.00
0562x012114	0562x0121143	12.59	200	325	40	1.00	-	6.00	4.00	0.29	0.23	0.28	0.26	0.07	8.21	23.17	9.51	-1.00
0562x012114	0562x0121141	12.59	0	525	40	1.00	-	17.00	8.00	1.02	0.82	0.98	0.12	0.03	5.84	25.79	5.51	-1.00
0562x013p3f	0562x013p3f1	12.66	425	525	50	1.00	-	5.00	8.00	0.45	0.37	0.37	0.34	0.03	3.21	6.04	2.24	-1.00
0562x013p3f	0562x013p3f2	15.80	150	325	50	1.00	-	7.00	5.00	0.34	0.30	0.33	0.21	0.07	6.48	23.59	8.12	-1.00
0562x013p3f	0562x013p3f3	14.22	200	325	40	1.00	-	6.00	5.00	0.32	0.30	0.33	0.27	0.09	9.56	24.89	7.50	-1.00
0562x021p3c	0562x021p3c1	11.84	200	300	40	1.00	-	5.00	5.00	0.44	0.23	0.26	0.30	0.06	9.51	20.56	10.27	-1.00
0562x021p3c	0562x021p3c2	11.78	0	300	40	1.00	-	8.00	5.00	0.75	0.29	0.32	0.28	0.09	3.33	16.21	5.63	-1.00
0562x021p3c	0562x021p3c3	12.30	0	300	40	1.00	-	8.00	5.00	0.79	0.37	0.42	0.27	0.09	8.79	14.29	4.46	-1.00
0562x032003	0562x0320032	20.57	375	525	40	1.00	-	7.00	8.00	0.63	0.49	0.60	0.24	0.03	5.75	23.35	8.58	-1.00
0562x032003	0562x0320031	20.58	325	475	40	1.00	-	7.00	7.00	0.46	0.50	0.52	0.25	0.07	3.66	21.05	4.88	-1.00
0562x033113	0562x0331131	14.35	450	525	40	1.00	-	4.00	8.00	0.38	0.30	0.30	0.42	0.04	2.70	11.73	3.71	-1.00
0562x033113	0562x0331132	14.35	250	525	40	1.00	-	12.00	8.00	0.75	0.62	0.75	0.13	0.03	10.36	14.68	10.51	-1.00
0562x033113	0562x0331133	14.34	0	450	40	1.00	-	14.00	7.00	0.88	0.81	0.88	0.13	0.02	5.77	18.44	5.86	-1.00
0562x043p4b	0562x043p4b2	16.56	350	550	50	1.00	-	8.00	9.00	0.34	0.25	0.28	0.19	0.10	2.88	29.45	3.19	-1.00
0562x043p4b	0562x043p4b3	13.87	100	350	40	1.00	-	9.00	6.00	0.44	0.36	0.44	0.16	0.05	14.52	23.64	6.61	-1.00
0562x044003	0562x0440031	13.71	400	550	40	1.00	-	7.00	8.00	0.37	0.30	0.31	0.27	0.09	3.23	14.73	3.38	-1.00
0562x044003	0562x0440032	13.70	100	300	40	1.00	-	7.00	4.00	0.58	0.41	0.45	0.26	0.09	3.73	18.00	7.88	-1.00
0563x242107	0563x2421072	18.21	325	425	50	1.00	-	5.00	6.00	0.35	0.24	0.25	0.45	0.03	5.71	18.59	6.78	-1.00
0563x242107	0563x2421071	18.27	325	450	50	1.00	-	6.00	8.00	0.38	0.28	0.33	0.29	0.05	8.66	13.14	9.29	-1.00
0564x012117	0564x0121171	11.18	225	400	50	1.00	-	8.00	7.00	0.55	0.21	0.25	0.22	0.05	4.99	15.55	9.76	-1.00
0564x012117	0564x0121173	12.76	275	375	50	1.00	-	5.00	5.00	0.31	0.22	0.26	0.30	0.07	3.66	2.06	11.96	-1.00
0564x022092	0564x0220921	14.37	100	325	40	1.00	-	8.00	4.00	0.68	0.53	0.58	0.21	0.05	6.51	10.96	6.23	-1.00
0564x022092	0564x0220922	14.33	375	525	40	1.00	-	7.00	8.00	0.44	0.35	0.39	0.37	0.09	6.58	15.67	5.94	-1.00
0564x022092	0564x0220923	14.36	0	300	40	1.00	-	8.00	4.00	0.60	0.46	0.48	0.22	0.05	0.52	11.34	5.57	-1.00
0564x043075	0564x0430754	13.51	150	300	40	1.00	-	6.00	5.00	0.47	0.29	0.30	0.30	0.07	8.03	25.56	5.09	-1.00
0564x043075	0564x0430755	8.44	425	525	40	1.00	-	4.00	9.00	0.50	0.25	0.27	0.44	0.06	9.77	15.48	9.53	-1.00
0564x043075	0564x0430756	12.81	100	550	40	1.00	-	16.00	9.00	1.07	0.74	0.92	0.15	0.07	10.61	29.68	6.56	-1.00
0564x043075	0564x0430751	13.03	200	350	50	1.00	-	7.00	6.00	0.28	0.21	0.25	0.28	0.09	9.87	9.78	11.83	-1.00
0564x043075	0564x0430753	13.18	150	585	50	1.00	-	18.00	7.00	1.04	0.69	0.92	0.14	0.06	3.30	12.32	8.84	-1.00
0564x043075	0564x0430758	15.63	0	525	40	1.00	-	17.00	8.00	0.83	0.58	0.95	0.16	0.10	5.42	25.44	12.84	-1.00
0564x043075	0564x0430759	12.77	0	400	40	1.00	-	12.00	6.00	0.80	0.52	0.69	0.19	0.06	8.73	16.51	6.24	-1.00
0564x061142	0564x0611425	16.70	325	525	40	1.00	-	9.00	8.00	0.45	0.23	0.29	0.21	0.05	5.58	27.33	11.89	-1.00
0564x061142	0564x0611424	14.09	200	350	40	1.00	-	7.00	5.00	0.44	0.30	0.37	0.20	0.03	11.40	17.55	9.35	-1.00
0564x071076	0564x0710763	10.94	275	400	50	1.00	-	6.00	6.00	0.29	0.23	0.26	0.26	0.04	3.89	6.79	11.19	-1.00
0564x071076	0564x0710761	10.94	125	525	50	1.00	-	17.00	8.00	0.99	0.69	0.83	0.12	0.04	13.48	5.54	9.23	-1.00
0564x081101	0564x0811012	14.03	250	400	40	1.00	-	7.00	6.00	0.39	0.35	0.39	0.21	0.03	8.89	19.67	7.35	-1.00
0564x081101	0564x0811011	14.03	0	250	40	1.00	-	6.00	3.00	0.27	0.25	0.28	0.29	0.08	3.98	24.09	5.92	-1.00
0564x093p02	0564x093p021	15.44	350	525	50	1.00	-	8.00	9.00	0.61	0.46	0.52	0.36	0.03	1.76	8.90	7.51	-1.00
0564x093p02	0564x093p022	15.44	400	585	50	1.00	-	8.00	7.00	0.82	0.56	0.54	0.31	0.08	0.59	8.40	2.31	-1.00
0706c021071	0706c0210715	7.70	150	375	40	1.00	-	9.00	5.00	0.66	0.27	0.43	0.27	0.09	5.32	6.01	13.96	-1.00
0706c021071	0706c0210713	7.73	225	300	25	1.00	-	4.00	5.00	0.24	0.22	0.22	0.40	0.05	3.80	15.37	1.83	-1.00
0706c021093	0706c0210934	7.35	0	325	40	1.00	-	9.00	4.00	0.69	0.33	0.50	0.23	0.07	13.09	12.08	9.13	-1.00
0706c021093	0706c0210933	7.37	150	400	40	1.00	-	10.00	6.00	0.66	0.39	0.53	0.18	0.04	12.04	26.28	9.06	-1.00
0706c021093	0706c0210932	7.34	100	425	25	1.00	-	13.00	6.00	0.72	0.69	0.66	0.22	0.07	6.06	25.93	2.48	-1.00
0706c022039	0706c0220392	11.30	225	425	25	1.00	-	8.00	6.00	0.60	0.47	0.48	0.26	0.09	8.78	2.13	10.39	-1.00
0706c022039	0706c0220395	9.22	0	275	40	1.00	-	7.00	3.00	0.46	0.26	0.33	0.35	0.09	7.29	1.62	12.48	-1.00
0706c022095	0706c0220952	6.32	125	400	25	1.00	-	11.00	6.00	0.67	0.63	0.66	0.16	0.08	7.25	25.03	2.62	-1.00
0706c022095	0706c0220953	6.22	0	375	40	1.00	-	11.00	5.00	0.58	0.29	0.64	0.18	0.09	11.00	3.33	12.60	-1.00
0706c022095	0706c0220954	6.40	100	475	40	1.00	-	14.00	7.00	0.84	0.49	0.78	0.20	0.04	14.51	13.54	8.85	-1.00
0706c022095	0706c0220955	6.38	300	475	40	1.00	-	8.00	7.00	0.55	0.27	0.43	0.21	0.08	13.49	15.46	14.63	-1.00
0706c052074	0706c0520742	10.46	125	275	25	1.00	-	7.00	4.00	0.53	0.49	0.50	0.19	0.07	6.16	3.73	5.90	-1.00
0706c052074	0706c0520741	10.46	100	250	25	1.00	-	7.00	4.00	0.38	0.37	0.38	0.28	0.02	3.36	17.81	3.43	-1.00
0706c052103	0706c0521033	6.43	250	400	25	1.00	-	6.00	6.00	0.44	0.33	0.36	0.24	0.04	14.21	8.56	7.20	-1.00
0706c052103	0706c0521032	6.43	250	400	25	1.00	-	6.00	6.00	0.43	0.35	0.36	0.31	0.08	7.64	13.67	1.56	-1.00
0706c052103	0706c0521031	6.41	200	300	25	1.00	-	5.00	5.00	0.31	0.21	0.21	0.31	0.07	4.45	8.86	4.26	-1.00
0706c053044	0706c0530441	6.55	275	475	25	1.00	-	9.00	7.00	0.64	0.35	0.39	0.15	0.05	14.54	3.03	7.44	-1.00
0706c053044	0706c0530442	6.19	175	250	25	1.00	-	4.00	4.00	0.26	0.24	0.25	0.35	0.04	6.76	6.05	7.59	-1.00
0706c077010	0706c0770104	6.21	100	350	25	1.00	-	11.00	6.00	0.74	0.48	0.55	0.25	0.09	14.82	0.18	10.97	-1.00
0706c077010	0706c0770103	6.22	0	350	25	1.00	-	12.00	6.00	0.72	0.58	0.65	0.14	0.05	7.45	13.64	9.26	-1.00
0706c077010	0706c0770102	6.20	250	525	25	1.00	-	12.00	8.00	0.72	0.27	0.53	0.20	0.05	4.09	5.32	13.06	-1.00
0706c077010	0706c0770101	6.22	125	325	25	1.00	-	9.00	5.00	0.57	0.40	0.43	0.20	0.02	3.29	12.92	4.66	-1.00
0758a702003	0758a7020032	29.49	325	400	25	1.00	-	4.00	6.00	0.40	0.25	0.26	0.36	0.10	1.10	4.34	2.58	-1.00
0758a702003	0758a7020031	29.49	175	425	25	1.00	-	10.00	6.00	0.44	0.41	0.41	0.27	0.09	2.06	4.15	4.36	-1.00
0758a702052	0758a7020523	26.30	100	425	25	1.00	-	13.00	6.00	0.70	0.56	0.78	0.31	0.07	0.95	6.38	2.04	-1.00
0758a702052	0758a7020522	26.30	275	400	25	1.00	-	6.00	6.00	0.60	0.52	0.53	0.27	0.04	3.54	23.86	1.50	-1.00
0758a712037	0758a7120372	56.60	150	425	25	1.00	-	11.00	6.00	0.65	0.62	0.61	0.33	0.08	6.97	5.10	2.01	-1.00
0758a712037	0758a7120371	48.40	325	400	25	1.00	-	4.00	6.00	0.30	0.30	0.30	0.37	0.03	3.94	14.18	2.16	-1.00
0758a713045	0758a7130453	28.88	150	350	40	1.00	-	8.00	5.00	0.26	0.22	0.26	0.30	0.04	7.40	16.76	8.82	-1.00
0758a713045	0758a7130452	29.68	150	325	25	1.00	-	8.00	5.00	0.26	0.24	0.27	0.39	0.04	6.41	6.21	8.34	-1.00
0758a713045	0758a7130451	29.15	175	425	25	1.00	-	11.00	6.00	0.30	0.27	0.30	0.18	0.03	9.07	11.59	5.16	-1.00
0758a713045	0758a7130454	28.89	325	475	40	1.00	-	7.00	7.00	0.60	0.53	0.63	0.36	0.05	5.32	28.52	7.61	-1.00
0758a714093	0758a7140933	32.53	325	475	25	1.00	-	7.00	6.00	0.66	0.57	0.58	0.20	0.04	1.37	16.52	1.15	-1.00
0758a714093	0758a7140935	32.49	0	350	25	1.00	-	12.00	6.00	0.36	0.33	0.39	0.29	0.05	6.28	26.28	5.69	-1.00
0758a714093	0758a7140934	32.48	125	400	25	1.00	-	11.00	6.00	0.47	0.41	0.53	0.26	0.05	5.72	17.25	5.20	-1.00
0765c631004	0765c6310044	3.80	225	350	25	1.00	-	6.00	5.00	0.29	0.25	0.29	0.41	0.08	9.66	3.51	6.37	-1.00
0765c631004	0765c6310043	3.80	225	375	25	1.00	-	7.00	5.00	0.42	0.24	0.33	0.26	0.07	6.05	4.45	13.16	-1.00
0765c631004	0765c6310042	3.80	375	525	25	1.00	-	7.00	7.00	0.57	0.34	0.42	0.28	0.06	7.53	26.41	7.24	-1.00
0765c631051	0765c6310515	4.54	225	350	25	1.00	-	6.00	5.00	0.30	0.25	0.26	0.41	0.09	5.51	10.33	4.09	-1.00
0765c631051	0765c6310514	4.55	150	475	25	1.00	-	14.00	7.00	0.79	0.52	0.63	0.24	0.04	12.24	23.84	13.39	-1.00
0765c631088	0765c6310883	10.09	350	550	40	1.00	-	9.00	8.00	0.49	0.32	0.38	0.25	0.10	1.65	20.72	8.26	-1.00
0765c631088	0765c6310882	3.93	250	325	25	1.00	-	4.00	5.00	0.25	0.21	0.21	0.44	0.10	9.48	7.74	3.32	-1.00
0765c631088	0765c6310881	7.27	150	325	25	1.00	-	8.00	5.00	0.33	0.29	0.34	0.23	0.08	5.73	7.15	7.22	-1.00
0765c631127	0765c6311272	4.58	250	325	25	1.00	-	4.00	5.00	0.26	0.22	0.22	0.44	0.08	3.44	7.08	2.12	-1.00
0765c631127	0765c6311271	8.46	275	400	25	1.00	-	6.00	7.00	0.28	0.23	0.25	0.39	0.06	7.89	12.09	5.36	-1.00
0765c631127	0765c6311274	6.36	150	550	40	1.00	-	16.00	8.00	1.03	0.44	0.94	0.18	0.06	8.65	29.23	14.93	-1.00
0765d054033	0765d0540331	4.47	225	325	25	1.00	-	5.00	5.00	0.52	0.20	0.21	0.30	0.09	10.46	2.07	3.47	-1.00
0765d054033	0765d0540332	2.81	175	325	25	1.00	-	7.00	5.00	0.57	0.24	0.28	0.31	0.08	9.99	2.39	8.90	-1.00
0765d054055	0765d0540551	1.60	125	325	25	1.00	-	9.00	5.00	0.74	0.28	0.32	0.22	0.09	14.45	15.12	7.96	-1.00
0765d054055	0765d0540552	8.47	100	325	25	1.00	-	10.00	5.00	0.66	0.43	0.58	0.22	0.10	3.58	1.88	11.12	-1.00
0765d131096	0765d1310962	31.99	150	350	25	1.00	-	9.00	6.00	0.25	0.22	0.23	0.19	0.09	5.73	20.10	5.31	-1.00
0765d131096	0765d1310961	31.87	0	400	25	1.00	-	14.00	7.00	0.72	0.67	0.69	0.16	0.05	13.30	6.94	4.60	-1.00
0765d131101	0765d1311015	13.47	0	500	40	1.00	-	16.00	8.00	0.59	0.40	0.65	0.14	0.08	13.47	10.50	11.34	-1.00
0765d131101	0765d1311014	24.34	150	375	40	1.00	-	9.00	5.00	0.65	0.53	0.53	0.28	0.09	9.31	23.77	2.07	-1.00
0765d131101	0765d1311013	19.24	100	450	40	1.00	-	13.00	7.00	0.35	0.28	0.42	0.16	0.07	5.74	10.65	11.29	-1.00
0770b173147	0770b1731471	12.58	0	250	25	1.00	-	8.00	4.00	0.30	0.27	0.28	0.25	0.08	5.20	2.41	5.32	-1.00
0770b173147	0770b1731473	13.50	250	375	40	1.00	-	6.00	5.00	0.30	0.23	0.27	0.22	0.05	12.12	10.07	10.15	-1.00
0770b173147	0770b1731472	13.09	125	300	25	1.00	-	8.00	5.00	0.32	0.28	0.29	0.20	0.08	1.30	24.33	4.61	-1.00
0770b173147	0770b1731475	12.92	200	375	40	1.00	-	8.00	5.00	0.29	0.24	0.35	0.16	0.05	14.41	8.45	12.19	-1.00
0770b173147	0770b1731474	12.95	225	475	40	1.00	-	11.00	7.00	0.77	0.59	0.79	0.22	0.04	5.55	6.04	9.60	-1.00
0770b182035	0770b1820352	14.68	100	250	25	1.00	-	7.00	4.00	0.26	0.20	0.21	0.20	0.06	7.14	28.32	5.18	-1.00
0770b182035	0770b1820351	14.25	0	275	25	1.00	-	9.00	4.00	0.48	0.24	0.26	0.17	0.08	0.60	7.64	7.37	-1.00
0770b183005	0770b1830054	14.97	200	350	25	1.00	-	7.00	6.00	0.26	0.24	0.26	0.23	0.06	1.18	2.96	4.83	-1.00
0770b183005	0770b1830057	14.94	150	400	40	1.00	-	10.00	6.00	0.48	0.43	0.51	0.21	0.03	5.45	5.02	6.54	-1.00
0770b183005	0770b1830056	16.87	275	375	40	1.00	-	5.00	5.00	0.24	0.22	0.23	0.33	0.03	2.56	0.45	7.70	-1.00
0770b183005	0770b1830053	14.96	0	325	25	1.00	-	11.00	5.00	0.40	0.37	0.42	0.15	0.04	3.94	5.06	6.94	-1.00
0770b183005	0770b1830052	13.04	0	275	25	1.00	-	9.00	4.00	0.22	0.21	0.27	0.21	0.07	6.78	16.22	13.58	-1.00
0770b183005	0770b1830058	14.96	250	400	40	1.00	-	7.00	6.00	0.37	0.31	0.37	0.23	0.07	11.26	1.37	9.59	-1.00
0770b183031	0770b1830312	25.70	0	275	25	1.00	-	9.00	4.00	0.46	0.39	0.41	0.16	0.08	13.00	0.93	7.15	-1.00
0770b183031	0770b1830311	25.84	0	250	25	1.00	-	8.00	4.00	0.39	0.38	0.38	0.22	0.06	7.32	1.01	4.59	-1.00
0770c023008	0770c0230082	15.25	150	425	25	1.00	-	12.00	6.00	0.56	0.53	0.54	0.14	0.05	2.92	6.60	4.93	-1.00
0770c023008	0770c0230081	15.25	0	375	25	1.00	-	13.00	6.00	0.51	0.47	0.54	0.13	0.03	11.25	10.42	10.65	-1.00
0770c023009	0770c0230093	16.99	100	300	40	1.00	-	7.00	4.00	0.44	0.35	0.41	0.21	0.07	13.02	17.61	12.17	-1.00
0770c023009	0770c0230094	16.99	150	300	40	1.00	-	5.00	4.00	0.33	0.29	0.30	0.48	0.08	1.31	21.87	2.05	-1.00
0770c023019	0770c0230194	15.59	350	550	40	1.00	-	9.00	8.00	0.53	0.48	0.48	0.21	0.05	2.30	12.99	3.40	-1.00
0770c023019	0770c0230193	15.59	150	475	40	1.00	-	13.00	7.00	0.85	0.74	0.81	0.15	0.03	7.09	5.85	4.73	-1.00
0770c023020	0770c0230201	18.56	175	300	25	1.00	-	6.00	5.00	0.33	0.22	0.22	0.30	0.10	1.78	4.20	3.60	-1.00
0770c023020	0770c0230202	18.55	125	275	25	1.00	-	7.00	4.00	0.38	0.36	0.36	0.25	0.04	3.77	5.93	2.38	-1.00
0770c032050	0770c0320501	11.61	150	475	25	1.00	-	14.00	7.00	0.79	0.63	0.74	0.17	0.08	14.46	26.97	4.90	-1.00
0770c032050	0770c0320502	11.17	0	425	25	1.00	-	15.00	6.00	0.92	0.56	0.87	0.14	0.08	7.51	23.86	10.93	-1.00
0770c041016	0770c0410161	11.06	300	475	40	1.00	-	8.00	7.00	0.58	0.47	0.60	0.33	0.03	5.32	29.64	9.48	-1.00
0770c041016	0770c0410162	11.06	325	550	40	1.00	-	10.00	8.00	0.92	0.60	0.61	0.29	0.10	2.81	29.67	2.81	-1.00
0770c04x014	0770c04x0142	7.41	225	425	25	1.00	-	8.00	7.00	0.24	0.21	0.26	0.34	0.04	13.43	15.84	13.42	-1.00
0770c04x014	0770c04x0143	8.03	275	450	25	1.00	-	8.00	7.00	0.37	0.30	0.34	0.40	0.05	4.71	11.86	10.30	-1.00
0770c04x014	0770c04x0141	6.28	100	475	25	1.00	-	15.00	7.00	0.46	0.38	0.52	0.17	0.06	14.31	18.00	11.06	-1.00
0770c091081	0770c0910812	31.94	100	300	25	1.00	-	9.00	5.00	0.32	0.31	0.35	0.18	0.05	7.36	17.00	9.34	-1.00
0770c091081	0770c0910811	31.95	0	325	25	1.00	-	11.00	5.00	0.61	0.49	0.49	0.13	0.08	4.72	19.87	4.44	-1.00
0770c091084	0770c0910841	19.65	250	425	25	1.00	-	7.00	6.00	0.53	0.47	0.47	0.30	0.09	5.80	2.15	3.99	-1.00
0770c091084	0770c0910842	19.21	100	350	25	1.00	-	11.00	6.00	0.48	0.41	0.48	0.42	0.09	11.16	4.91	12.37	-1.00
0802a582101	0802a5821014	19.31	0	425	40	1.00	-	13.00	6.00	0.46	0.42	0.53	0.31	0.09	7.20	4.58	5.79	-1.00
0802a582101	0802a5821012	23.55	225	425	25	1.00	-	9.00	6.00	0.43	0.31	0.33	0.33	0.06	3.56	29.15	4.84	-1.00
0802a582101	0802a5821013	21.21	100	425	40	1.00	-	12.00	6.00	0.47	0.41	0.54	0.31	0.09	10.28	11.53	7.54	-1.00
0802a582101	0802a5821011	21.44	150	425	25	1.00	-	11.00	6.00	0.55	0.50	0.54	0.24	0.05	1.41	0.63	6.27	-1.00
0803d702120	0803d7021202	8.79	200	400	25	1.00	-	9.00	6.00	0.43	0.35	0.39	0.23	0.05	3.54	25.85	6.78	-1.00
0803d702120	0803d7021201	8.81	150	425	25	1.00	-	11.00	6.00	0.68	0.57	0.63	0.24	0.06	7.85	24.63	5.76	-1.00
0807c742027	0807c7420271	44.86	200	475	25	1.00	-	12.00	8.00	0.54	0.34	0.45	0.12	0.10	4.23	7.49	9.68	-1.00
0807c742027	0807c7420272	38.08	125	225	25	1.00	-	5.00	3.00	0.19	0.21	0.25	0.28	0.06	8.41	3.91	12.91	-1.00
0807c742027	0807c7420273	41.54	100	325	25	1.00	-	10.00	5.00	0.40	0.42	0.45	0.19	0.06	7.15	5.81	6.36	-1.00
0807c742091	0807c7420913	33.66	125	425	25	1.00	-	13.00	7.00	0.61	0.47	0.57	0.14	0.10	14.59	26.48	9.54	-1.00
0807c742091	0807c7420912	33.98	250	425	25	1.00	-	8.00	7.00	0.42	0.25	0.33	0.21	0.08	10.49	2.29	13.93	-1.00
0807c742097	0807c7420973	8.22	225	425	25	1.00	-	9.00	7.00	0.31	0.22	0.29	0.21	0.08	12.39	12.53	11.36	-1.00
0807c742097	0807c7420972	8.31	250	500	25	1.00	-	11.00	8.00	0.77	0.50	0.58	0.27	0.03	4.99	22.34	4.52	-1.00
0807c751027	0807c7510272	36.73	150	300	25	1.00	-	7.00	5.00	0.28	0.24	0.28	0.21	0.05	2.95	10.27	11.75	-1.00
0807c751027	0807c7510273	39.63	325	425	25	1.00	-	5.00	7.00	0.27	0.23	0.23	0.31	0.08	5.61	11.48	3.98	-1.00
0807c752004	0807c7520045	34.89	100	375	40	1.00	-	10.00	5.00	0.46	0.35	0.50	0.20	0.09	6.90	2.09	9.31	-1.00
0807c752004	0807c7520042	35.16	250	375	25	1.00	-	6.00	6.00	0.31	0.22	0.23	0.28	0.09	5.49	16.44	3.81	-1.00
0807c752004	0807c7520043	34.45	125	375	25	1.00	-	11.00	6.00	0.47	0.38	0.45	0.13	0.06	7.17	4.08	8.95	-1.00
0807c752032	0807c7520323	20.46	200	450	25	1.00	-	11.00	7.00	0.70	0.52	0.54	0.23	0.06	2.59	16.83	3.97	-1.00
0807c752032	0807c7520322	20.46	0	450	25	1.00	-	16.00	7.00	0.76	0.58	0.75	0.17	0.08	4.15	13.45	10.83	-1.00
0807c772034	0807c7720343	24.92	225	375	40	1.00	-	7.00	5.00	0.30	0.26	0.33	0.21	0.07	8.22	2.87	12.43	-1.00
0807c772034	0807c7720342	33.63	0	325	40	1.00	-	9.00	4.00	0.32	0.29	0.39	0.22	0.08	3.92	14.77	12.22	-1.00
0807c772114	0807c7721144	21.87	300	500	25	1.00	-	9.00	8.00	0.61	0.26	0.27	0.20	0.07	1.08	6.67	5.26	-1.00
0807c772114	0807c7721141	25.05	400	500	25	1.00	-	5.00	8.00	0.41	0.21	0.22	0.34	0.09	7.21	2.20	5.09	-1.00
0807c772114	0807c7721142	20.37	450	525	25	1.00	-	4.00	8.00	0.49	0.37	0.37	0.43	0.05	1.34	5.16	1.81	-1.00
0807c781034	0807c7810347	37.98	100	325	40	1.00	-	8.00	4.00	0.36	0.32	0.35	0.18	0.07	6.41	0.73	5.96	-1.00
0807c781034	0807c7810346	38.51	0	400	40	1.00	-	12.00	6.00	0.63	0.36	0.73	0.29	0.09	12.68	5.68	12.21	-1.00
0807c781034	0807c7810345	37.85	0	400	40	1.00	-	12.00	6.00	0.64	0.57	0.63	0.18	0.06	10.40	22.73	5.00	-1.00
0807c791058	0807c7910582	43.80	125	300	25	1.00	-	8.00	5.00	0.36	0.30	0.32	0.22	0.05	10.81	9.12	4.65	-1.00
0807c791058	0807c7910583	43.80	0	375	25	1.00	-	13.00	6.00	0.71	0.59	0.75	0.23	0.03	6.80	0.20	9.94	-1.00
0807c825015	0807c8250153	35.68	250	450	25	1.00	-	9.00	7.00	0.32	0.22	0.24	0.31	0.07	5.88	16.65	4.79	-1.00
0807c825015	0807c8250152	35.75	100	325	25	1.00	-	10.00	5.00	0.47	0.45	0.49	0.16	0.06	0.50	0.40	6.26	-1.00
0807c861105	0807c8611052	18.09	300	500	25	1.00	-	9.00	8.00	0.66	0.53	0.60	0.36	0.03	1.81	6.85	4.77	-1.00
0807c861105	0807c8611055	18.91	300	550	40	1.00	-	11.00	8.00	0.89	0.55	0.87	0.21	0.05	1.64	13.45	13.90	-1.00
0807c861105	0807c8611056	18.65	0	550	40	1.00	-	18.00	8.00	1.04	0.72	0.99	0.19	0.04	3.89	24.13	9.96	-1.00
0807c862006	0807c8620062	18.36	175	325	25	1.00	-	7.00	5.00	0.26	0.21	0.24	0.28	0.06	3.89	12.35	8.28	-1.00
0807c862006	0807c8620063	10.29	225	400	25	1.00	-	8.00	6.00	0.29	0.21	0.26	0.17	0.07	10.80	13.63	11.01	-1.00
0807c871048	0807c8710483	13.31	175	325	25	1.00	-	7.00	5.00	0.34	0.22	0.25	0.22	0.10	8.06	10.18	9.77	-1.00
0807c871048	0807c8710486	15.03	150	425	25	1.00	-	12.00	7.00	0.36	0.24	0.46	0.25	0.10	6.25	7.09	14.80	-1.00
0807c871048	0807c8710484	10.05	425	500	25	1.00	-	4.00	8.00	0.41	0.21	0.22	0.48	0.01	6.50	2.73	3.76	-1.00
0807c872091	0807c8720913	11.57	450	550	40	1.00	-	5.00	8.00	0.60	0.41	0.42	0.44	0.09	1.18	24.74	4.91	-1.00
0807c872091	0807c8720912	11.80	100	325	25	1.00	-	10.00	5.00	0.42	0.36	0.40	0.20	0.06	2.16	0.01	6.99	-1.00
0807c881057	0807c8810573	20.60	175	350	25	1.00	-	8.00	6.00	0.29	0.20	0.25	0.26	0.05	5.78	17.25	9.59	-1.00
0807c881057	0807c8810572	15.36	0	325	25	1.00	-	11.00	5.00	0.48	0.40	0.48	0.17	0.09	14.95	1.15	11.94	-1.00
0807c903094	0807c9030941	10.78	175	525	25	1.00	-	15.00	8.00	0.89	0.69	0.72	0.11	0.08	3.54	21.53	4.82	-1.00
0807c903094	0807c9030942	10.78	225	525	25	1.00	-	13.00	8.00	0.86	0.50	0.48	0.13	0.09	2.33	19.60	2.40	-1.00
0834b141032	0834b1410323	13.01	400	475	25	1.00	-	4.00	8.00	0.27	0.26	0.27	0.45	0.05	4.16	18.62	5.89	-1.00
0834b141032	0834b1410326	13.67	100	375	40	1.00	-	10.00	5.00	0.41	0.38	0.42	0.19	0.03	3.14	16.20	5.56	-1.00
0834b141032	0834b1410327	14.30	350	450	40	1.00	-	5.00	7.00	0.34	0.28	0.30	0.36	0.09	3.01	12.66	7.48	-1.00
0834b141032	0834b1410325	13.70	150	425	25	1.00	-	12.00	7.00	0.47	0.23	0.35	0.15	0.03	3.45	9.14	10.33	-1.00
0834b152056	0834b1520564	8.95	0	550	40	1.00	-	18.00	8.00	1.10	0.85	0.98	0.16	0.06	5.59	22.26	5.32	-1.00
0834b152056	0834b1520565	9.21	300	550	40	1.00	-	11.00	8.00	0.97	0.77	0.76	0.33	0.09	2.86	22.31	2.92	-1.00
0834b152056	0834b1520566	8.52	0	550	40	1.00	-	18.00	8.00	1.02	0.77	0.96	0.17	0.03	6.93	27.02	5.67	-1.00
0834b152056	0834b1520562	8.97	125	475	25	1.00	-	15.00	8.00	0.47	0.32	0.47	0.18	0.08	10.25	14.93	12.57	-1.00
0834b152056	0834b1520563	9.43	300	500	25	1.00	-	9.00	8.00	0.46	0.35	0.43	0.24	0.10	1.79	8.30	7.26	-1.00
0834b161047	0834b1610472	8.14	0	500	25	1.00	-	18.00	8.00	0.82	0.57	0.92	0.29	0.09	2.25	24.73	9.76	-1.00
0834b161047	0834b1610473	8.12	175	500	25	1.00	-	14.00	8.00	0.72	0.55	0.77	0.23	0.10	2.23	13.92	5.52	-1.00
0834b162022	0834b1620224	6.43	375	475	25	1.00	-	5.00	8.00	0.41	0.31	0.31	0.29	0.05	1.49	21.65	3.11	-1.00
0834b162022	0834b1620222	6.43	150	375	25	1.00	-	10.00	6.00	0.32	0.26	0.31	0.17	0.04	10.79	2.79	6.53	-1.00
0834b162022	0834b1620223	6.42	200	450	25	1.00	-	11.00	8.00	0.48	0.34	0.36	0.19	0.03	2.55	15.06	3.87	-1.00
0834b162022	0834b1620221	6.44	150	425	25	1.00	-	12.00	7.00	0.41	0.35	0.45	0.25	0.09	5.86	0.43	5.68	-1.00
0834b181020	0834b1810203	4.87	150	425	25	1.00	-	12.00	7.00	0.42	0.25	0.37	0.16	0.03	13.37	10.34	12.12	-1.00
0834b181020	0834b1810202	7.26	100	450	25	1.00	-	15.00	7.00	0.70	0.22	0.25	0.11	0.05	5.27	3.62	5.33	-1.00
0834b201041	0834b2010415	10.77	225	500	40	1.00	-	12.00	7.00	0.77	0.61	0.78	0.15	0.02	14.46	3.90	6.18	-1.00
0834b201041	0834b2010414	9.15	200	325	40	1.00	-	6.00	4.00	0.42	0.31	0.38	0.24	0.02	14.44	0.60	11.95	-1.00
0834b201041	0834b2010413	10.78	300	450	25	1.00	-	7.00	7.00	0.35	0.29	0.30	0.29	0.08	3.96	0.50	2.36	-1.00
0834b201041	0834b2010412	10.23	125	475	25	1.00	-	15.00	8.00	0.92	0.62	0.73	0.12	0.01	8.16	1.33	6.12	-1.00
0834b261036	0834b2610363	12.67	0	400	25	1.00	-	14.00	7.00	0.53	0.42	0.63	0.13	0.05	4.57	7.42	8.87	-1.00
0834b261036	0834b2610362	12.67	150	425	25	1.00	-	12.00	7.00	0.77	0.56	0.64	0.13	0.02	2.01	4.87	5.51	-1.00
0834b312047	0834b3120471	11.56	250	500	25	1.00	-	11.00	7.00	0.51	0.43	0.54	0.27	0.10	0.97	3.83	2.39	-1.00
0834b312047	0834b3120472	11.99	425	500	40	1.00	-	4.00	7.00	0.25	0.21	0.24	0.41	0.02	5.50	3.41	12.75	-1.00
0834b312047	0834b3120473	11.72	375	475	40	1.00	-	5.00	7.00	0.34	0.29	0.32	0.27	0.03	11.25	3.71	7.99	-1.00
0834b312047	0834b3120474	11.71	375	475	25	1.00	-	5.00	7.00	0.28	0.22	0.22	0.43	0.01	3.60	6.46	3.20	-1.00
0834b312047	0834b3120475	11.61	350	500	40	1.00	-	7.00	7.00	0.41	0.34	0.40	0.29	0.08	10.83	2.79	6.88	-1.00
0834b331003	0834b3310033	11.81	0	475	25	1.00	-	18.00	7.00	0.90	0.72	0.90	0.12	0.01	2.75	0.75	4.37	-1.00
0834b331003	0834b3310032	11.81	225	500	25	1.00	-	12.00	8.00	0.87	0.70	0.73	0.12	0.01	2.02	1.94	2.89	-1.00
0834b351003	0834b3510033	9.80	375	500	25	1.00	-	6.00	7.00	0.52	0.40	0.40	0.38	0.01	1.03	9.35	2.42	-1.00
0834b351003	0834b3510032	13.79	350	475	25	1.00	-	6.00	8.00	0.27	0.20	0.24	0.41	0.05	7.36	12.80	9.20	-1.00
0834b361010	0834b3610102	8.92	100	475	25	1.00	-	16.00	7.00	0.67	0.44	0.54	0.18	0.08	9.62	18.69	7.02	-1.00
0834b361010	0834b3610103	8.31	375	475	25	1.00	-	5.00	7.00	0.39	0.30	0.31	0.38	0.05	1.98	14.69	4.47	-1.00
0834b361010	0834b3610104	10.20	0	350	25	1.00	-	10.00	5.00	0.22	0.20	0.26	0.26	0.09	11.40	23.15	9.11	-1.00
0834b361010	0834b3610105	8.56	0	375	25	1.00	-	11.00	5.00	0.27	0.23	0.32	0.23	0.08	12.99	18.90	7.85	-1.00
0835b041083	0835b0410832	6.53	250	475	25	1.00	-	10.00	7.00	0.41	0.29	0.31	0.25	0.07	3.80	10.73	4.32	-1.00
0835b041083	0835b0410833	6.56	300	500	25	1.00	-	9.00	7.00	0.74	0.47	0.48	0.28	0.09	4.27	12.29	3.32	-1.00
0835b041083	0835b0410831	6.60	325	475	25	1.00	-	7.00	7.00	0.48	0.33	0.33	0.28	0.10	2.07	24.02	2.90	-1.00
0836a037055	0836a0370551	8.79	125	500	25	1.00	-	16.00	7.00	0.55	0.43	0.56	0.26	0.07	0.90	1.21	6.94	-1.00
0836a037055	0836a0370552	8.89	325	475	25	1.00	-	7.00	7.00	0.32	0.21	0.22	0.31	0.08	8.79	7.17	6.81	-1.00
0836a037073	0836a0370731	13.84	0	450	25	1.00	-	16.00	7.00	0.40	0.35	0.48	0.19	0.04	6.70	10.35	8.52	-1.00
0836a037073	0836a0370732	13.41	0	450	25	1.00	-	16.00	7.00	0.49	0.39	0.56	0.16	0.03	4.66	20.05	10.60	-1.00
0836b091100	0836b0911001	32.50	250	475	25	1.00	-	10.00	7.00	0.58	0.51	0.51	0.24	0.07	0.54	5.32	2.35	-1.00
0836b091100	0836b0911002	32.50	100	500	25	1.00	-	17.00	7.00	1.05	0.77	0.86	0.21	0.09	0.42	5.81	3.74	-1.00
0862a031011	0862a0310111	15.39	175	425	25	1.00	-	11.00	7.00	0.47	0.40	0.46	0.26	0.02	2.59	6.02	5.60	-1.00
0862a031011	0862a0310112	15.39	300	475	25	1.00	-	8.00	7.00	0.79	0.67	0.68	0.26	0.01	0.10	0.95	1.41	-1.00
0862a031098	0862a0310982	17.01	150	400	25	1.00	-	11.00	7.00	0.64	0.52	0.56	0.14	0.03	3.54	0.11	3.43	-1.00
0862a031098	0862a0310981	17.01	250	425	25	1.00	-	8.00	7.00	0.55	0.47	0.47	0.19	0.03	4.20	5.54	2.31	-1.00
0864a012050	0864a0120505	32.65	200	425	40	1.00	-	10.00	6.00	0.39	0.36	0.37	0.24	0.03	1.60	5.20	1.76	-1.00
0864a012050	0864a0120504	32.42	250	350	40	1.00	-	5.00	5.00	0.24	0.22	0.23	0.39	0.08	4.76	0.01	3.95	-1.00
0864a012050	0864a0120501	32.35	225	350	25	1.00	-	6.00	6.00	0.26	0.22	0.22	0.32	0.04	1.23	2.40	1.91	-1.00
0864a012050	0864a0120503	32.55	100	500	40	1.00	-	15.00	7.00	0.81	0.71	0.82	0.26	0.02	6.96	6.73	4.05	-1.00
0864a012050	0864a0120502	32.64	250	400	25	1.00	-	7.00	6.00	0.25	0.21	0.22	0.33	0.05	1.93	0.13	2.63	-1.00
0864a013015	0864a0130155	39.79	250	325	40	1.00	-	4.00	4.00	0.40	0.38	0.39	0.41	0.03	3.40	2.37	3.41	-1.00
0864a013015	0864a0130154	43.58	100	350	40	1.00	-	9.00	5.00	0.76	0.77	0.76	0.19	0.02	1.96	0.54	2.90	-1.00
0864a013015	0864a0130153	43.51	100	375	40	1.00	-	10.00	5.00	0.84	0.82	0.82	0.15	0.02	4.55	3.10	1.48	-1.00
0864a013015	0864a0130152	40.44	125	275	25	1.00	-	7.00	4.00	0.43	0.41	0.46	0.29	0.05	0.61	11.87	6.32	-1.00
0864a013015	0864a0130151	50.30	225	300	25	1.00	-	4.00	5.00	0.35	0.32	0.33	0.46	0.02	0.80	12.08	4.07	-1.00
0864a013048	0864a0130481	41.15	200	325	25	1.00	-	6.00	5.00	0.42	0.38	0.41	0.29	0.09	7.04	0.45	5.93	-1.00
0864a013048	0864a0130482	41.16	175	350	25	1.00	-	8.00	6.00	0.45	0.34	0.39	0.17	0.09	3.90	4.88	9.42	-1.00
0864a015015	0864a0150155	32.87	275	375	40	1.00	-	5.00	5.00	0.24	0.21	0.21	0.45	0.04	5.69	6.44	1.73	-1.00
0864a015015	0864a0150154	32.90	300	425	40	1.00	-	6.00	6.00	0.69	0.54	0.55	0.25	0.03	2.71	1.12	1.84	-1.00
0864a015015	0864a0150151	32.63	225	325	25	1.00	-	5.00	5.00	0.43	0.37	0.40	0.32	0.09	1.78	13.16	7.91	-1.00
0864a015015	0864a0150153	33.13	250	500	40	1.00	-	11.00	7.00	0.40	0.35	0.37	0.33	0.03	2.05	5.79	1.87	-1.00
0864a015015	0864a0150152	32.87	175	325	25	1.00	-	7.00	5.00	0.60	0.58	0.59	0.21	0.04	5.64	0.71	5.45	-1.00
0864a016030	0864a0160302	36.94	225	325	25	1.00	-	5.00	5.00	0.53	0.46	0.46	0.31	0.06	4.67	4.64	5.00	-1.00
0864a016030	0864a0160301	36.91	250	325	25	1.00	-	4.00	5.00	0.37	0.40	0.40	0.39	0.01	1.92	0.83	2.00	-1.00
0864a016143	0864a0161434	37.45	225	325	40	1.00	-	5.00	4.00	0.35	0.31	0.31	0.30	0.03	0.82	6.38	0.92	-1.00
0864a016143	0864a0161435	37.44	0	225	40	1.00	-	5.00	2.00	0.34	0.32	0.33	0.38	0.05	2.57	1.58	3.69	-1.00
0864a016143	0864a0161432	37.78	175	375	25	1.00	-	9.00	6.00	0.59	0.49	0.56	0.22	0.10	5.04	13.30	3.49	-1.00
0864a016143	0864a0161431	37.56	250	400	25	1.00	-	7.00	7.00	0.35	0.28	0.32	0.21	0.06	3.22	8.00	11.29	-1.00
0907a251028	0907a2510282	16.55	125	425	25	1.00	-	13.00	7.00	0.74	0.62	0.66	0.12	0.04	1.78	5.47	3.97	-1.00
0907a251028	0907a2510281	16.55	150	250	25	1.00	-	5.00	4.00	0.26	0.21	0.22	0.35	0.04	6.56	6.22	8.38	-1.00
0907a252049	0907a2520491	15.08	225	400	25	1.00	-	8.00	7.00	0.35	0.26	0.27	0.24	0.08	2.82	8.51	2.29	-1.00
0907a252049	0907a2520492	15.08	175	375	25	1.00	-	9.00	6.00	0.50	0.45	0.45	0.15	0.03	0.57	7.34	2.25	-1.00
0907a254049	0907a2540493	16.82	325	425	40	1.00	-	5.00	6.00	0.41	0.34	0.35	0.33	0.05	5.66	11.93	4.80	-1.00
0907a254049	0907a2540492	16.82	300	450	40	1.00	-	7.00	7.00	0.60	0.52	0.52	0.28	0.06	1.27	17.80	1.94	-1.00
0907a254049	0907a2540491	16.82	275	475	40	1.00	-	9.00	7.00	0.70	0.64	0.64	0.23	0.05	2.90	15.90	1.74	-1.00
0907a261053	0907a2610534	15.26	200	500	40	1.00	-	13.00	7.00	0.87	0.84	0.85	0.15	0.03	3.09	15.47	1.99	-1.00
0907a261053	0907a2610531	15.26	175	425	25	1.00	-	11.00	7.00	0.78	0.69	0.71	0.14	0.02	1.18	9.11	3.17	-1.00
0907a261053	0907a2610532	15.25	0	250	25	1.00	-	8.00	4.00	0.23	0.21	0.31	0.24	0.08	9.65	4.11	11.60	-1.00
0907a261053	0907a2610533	15.26	100	450	40	1.00	-	13.00	7.00	0.90	0.88	0.88	0.14	0.02	3.08	19.46	2.13	-1.00
0907a261139	0907a2611393	9.82	300	475	40	1.00	-	8.00	7.00	0.48	0.39	0.47	0.25	0.08	13.98	13.83	6.96	-1.00
0907a261139	0907a2611392	9.83	125	475	25	1.00	-	15.00	7.00	0.86	0.70	0.71	0.10	0.05	2.60	1.48	3.27	-1.00
0907a261139	0907a2611391	9.85	150	375	25	1.00	-	10.00	6.00	0.34	0.20	0.29	0.17	0.08	11.71	15.56	13.37	-1.00
0907a261139	0907a2611395	9.86	225	500	40	1.00	-	12.00	7.00	0.77	0.60	0.70	0.14	0.05	4.81	16.26	6.06	-1.00
0907a261139	0907a2611394	9.88	325	450	40	1.00	-	6.00	7.00	0.32	0.25	0.28	0.29	0.05	10.65	15.31	9.91	-1.00
0907a261143	0907a2611432	7.72	150	375	25	1.00	-	10.00	5.00	0.32	0.24	0.32	0.21	0.04	5.49	16.60	14.45	-1.00
0907a261143	0907a2611433	7.75	0	450	40	1.00	-	14.00	7.00	0.81	0.59	0.87	0.13	0.05	11.71	14.79	6.57	-1.00
0907a261143	0907a2611431	7.74	275	450	25	1.00	-	8.00	7.00	0.55	0.43	0.43	0.23	0.07	3.36	1.16	2.07	-1.00
0907a261143	0907a2611434	7.70	275	500	40	1.00	-	10.00	7.00	0.63	0.47	0.57	0.19	0.09	13.84	13.89	5.70	-1.00
0907a261143	0907a2611435	7.82	0	450	40	1.00	-	14.00	7.00	0.84	0.59	0.90	0.13	0.08	6.83	17.37	6.89	-1.00
0907a262014	0907a2620144	14.80	250	500	40	1.00	-	11.00	7.00	0.70	0.64	0.67	0.16	0.04	7.14	11.76	3.48	-1.00
0907a262014	0907a2620142	14.77	200	450	25	1.00	-	11.00	7.00	0.81	0.65	0.68	0.14	0.06	1.82	4.71	3.59	-1.00
0907a262014	0907a2620143	14.78	0	500	40	1.00	-	16.00	7.00	1.00	0.94	0.98	0.13	0.03	1.62	14.36	1.72	-1.00
0907a262014	0907a2620141	14.80	150	350	25	1.00	-	9.00	6.00	0.37	0.30	0.33	0.17	0.04	3.93	8.93	5.17	-1.00
0907a262019	0907a2620191	11.73	250	425	25	1.00	-	8.00	7.00	0.40	0.31	0.32	0.16	0.06	2.74	3.59	4.43	-1.00
0907a262019	0907a2620192	11.72	0	425	25	1.00	-	15.00	7.00	0.71	0.51	0.58	0.10	0.04	0.95	0.11	6.31	-1.00
1001a541073	1001a5410732	2.80	300	500	25	1.00	-	9.00	7.00	0.36	0.23	0.32	0.30	0.09	12.32	7.51	7.86	-1.00
1001a541073	1001a5410731	3.92	300	500	25	1.00	-	9.00	7.00	0.55	0.38	0.45	0.49	0.02	5.34	6.95	5.88	-1.00
1001a553015	1001a5530152	20.42	225	500	25	1.00	-	12.00	7.00	0.55	0.42	0.46	0.38	0.07	1.83	0.52	4.23	-1.00
1001a553015	1001a5530151	20.43	100	475	25	1.00	-	16.00	7.00	0.37	0.29	0.45	0.21	0.08	2.59	18.31	10.54	-1.00
1001a561016	1001a5610161	65.07	0	425	25	1.00	-	15.00	7.00	0.74	0.61	0.72	0.12	0.10	4.39	10.56	8.61	-1.00
1001a561016	1001a5610162	64.98	225	350	25	1.00	-	6.00	6.00	0.24	0.22	0.27	0.24	0.05	0.67	15.04	13.07	-1.00
1001a561048	1001a5610482	12.78	400	500	25	1.00	-	5.00	7.00	0.39	0.20	0.21	0.38	0.03	3.57	13.59	2.62	-1.00
1001a561048	1001a5610481	13.06	325	500	25	1.00	-	8.00	7.00	0.42	0.30	0.31	0.31	0.07	1.08	6.37	2.62	-1.00
1001a562026	1001a5620264	26.74	200	500	40	1.00	-	13.00	7.00	0.91	0.73	0.82	0.31	0.02	1.86	27.20	5.06	-1.00
1001a562026	1001a5620265	24.77	400	475	40	1.00	-	4.00	7.00	0.61	0.54	0.56	0.48	0.09	2.04	28.44	3.09	-1.00
1001a562026	1001a5620261	24.27	325	500	25	1.00	-	8.00	7.00	0.65	0.56	0.63	0.38	0.04	0.13	3.13	1.59	-1.00
1001a562026	1001a5620262	18.79	350	475	25	1.00	-	6.00	7.00	0.57	0.48	0.50	0.49	0.03	2.89	12.04	2.88	-1.00
1001a562026	1001a5620263	27.67	0	500	40	1.00	-	16.00	7.00	0.90	0.75	0.93	0.38	0.04	1.27	25.76	4.55	-1.00
1001a562034	1001a5620343	19.04	325	500	40	1.00	-	8.00	7.00	0.35	0.31	0.38	0.39	0.06	1.52	2.65	5.75	-1.00
1001a562034	1001a5620342	16.42	425	500	25	1.00	-	4.00	6.00	0.34	0.27	0.27	0.44	0.04	0.82	6.91	4.81	-1.00
1001a562034	1001a5620341	15.04	0	450	25	1.00	-	16.00	7.00	0.44	0.32	0.56	0.21	0.06	6.58	19.17	11.05	-1.00
1001a562034	1001a5620345	21.81	0	500	40	1.00	-	16.00	7.00	0.48	0.40	0.59	0.33	0.09	3.81	9.32	7.77	-1.00
1001a562034	1001a5620344	22.53	0	500	40	1.00	-	16.00	7.00	0.78	0.64	0.86	0.32	0.07	2.91	24.20	7.05	-1.00
