  123.7    81.9
  346.9    77.2
  107.5    83.3
  165.4    82.3
   70.7    76.0
  152.1    79.4
  297.6    84.1
  272.6    76.8
  338.9    86.0
  324.7    28.7
   35.9    84.9
   56.7    86.4
  185.8    65.2
  162.0    73.9
  310.9    77.0
  177.6    63.5
   62.2    82.6
  284.2    82.3
   55.3    73.7
   60.3    79.0
   69.7    88.7
  144.4    77.5
   39.1    68.2
   52.4    58.8
   28.5    51.3
  236.2    64.7
  239.5    81.2
  169.1    85.2
  299.3    79.5
    4.3    55.6
  167.2    83.2
  203.7    85.1
   57.7    77.6
  235.1    78.3
  256.6    65.2
  133.2    87.3
  280.0    85.2
  168.2    82.6
   76.6    74.8
  315.0    83.3
  319.6    86.5
  284.0    82.9
  299.7    82.2
  349.0    76.2
  147.0    76.3
   11.2    82.0
  144.8    65.6
   89.1    72.3
  274.2    53.9
  115.3    82.6
   28.3    85.2
  247.5    65.0
   16.5    80.7
  101.8    72.7
  287.7    75.7
  230.9    63.5
  220.9    71.8
  194.5    72.5
  308.8    54.1
  100.4    68.9
   23.5    75.5
  185.3    61.2
  247.4    66.1
  195.7    85.2
  250.9    83.5
  183.5    81.6
  350.3    79.0
  134.2    46.9
  250.4    80.4
  349.6    84.2
  346.0    75.5
  185.3    83.7
   71.1    66.2
  234.7    77.5
  130.1    75.6
   85.6    69.2
   24.0    49.6
   72.8    64.1
   68.2    86.4
  165.4    55.9
   33.7    76.4
  161.8    84.5
  190.3    78.1
  208.2    80.2
  163.6    70.1
   32.1    74.8
  229.8    43.1
  127.3    77.6
   37.5    84.6
  336.2    75.7
  152.2    58.2
  129.0    72.0
  176.1    59.7
   70.5    84.7
  209.5    56.3
  162.5    86.0
  167.5    -8.1
  129.4    68.6
  248.4    85.5
  150.3    76.3
