-0.239410 -0.893491
0.436413 0.712161
0.063844 0.760300
0.321447 0.686216
0.322720 0.670562
0.407412 0.540654
0.580156 0.340376
0.105351 0.657728
0.247173 0.599687
0.182349 0.615600
0.174815 0.601717
0.282746 0.545472
0.264863 0.538273
0.235758 0.534536
0.290665 0.505482
0.260629 0.511513
0.232090 0.516423
0.244448 0.505666
0.277927 0.464381
0.250510 0.477152
0.291770 0.440816
0.108769 0.516148
0.196706 0.482014
0.349390 0.381292
0.168407 0.475566
0.206286 0.446444
0.175701 0.450649
0.301104 0.378539
0.204955 0.423970
0.199755 0.422584
0.346920 0.308010
0.119030 0.441144
0.239848 0.376486
0.269528 0.342510
0.085451 0.423789
0.192224 0.387233
0.172608 0.395084
0.272008 0.320741
0.393981 0.117451
-0.017726 0.406002
0.154273 0.367000
0.213903 0.335760
0.103221 0.372202
0.231833 0.283245
0.072160 0.351538
0.007802 0.319236
0.152583 0.265350
0.248133 0.136412
