MP 18-4 
        231.0  52.0 170.0  42.0   1.0
NRM    252.5 -56.9  74.0 -81.1 4.90E-03 002.7  43.9 -46.2 14.47286 18.13520 2.862015 lowensta 
AF     253.3 -58.3  71.3 -79.7 4.91E-03 000.5  41.8 -46.7 4.306398 0.965720 1.598454 lowensta 
AF  20 256.2 -59.4  64.2 -78.4 4.90E-03 000.5  40.1 -48.1 3.820488 1.762351 1.501409 lowensta 
AF  40 256.4 -60.1  64.3 -77.8 4.94E-03 000.8  39.1 -48.2 5.737937 4.421353 1.502336 lowensta 
AF  60 255.8 -60.4  66.0 -77.5 5.01E-03 000.6  38.6 -47.9 4.195977 2.686963 1.563292 lowensta 
AF  80 254.5 -60.6  69.0 -77.3 5.04E-03 000.6  38.4 -47.2 3.588160 3.281909 1.563595 lowensta 
AF 100 253.1 -59.0  72.0 -79.0 5.03E-03 000.5  40.8 -46.6 3.720043 1.706766 1.643787 lowensta 
TT 100 251.8 -62.2  74.7 -75.8 5.05E-03 003.6  36.2 -45.8 16.24519 26.70340 2.769081 shoemake 
TT 150 248.4 -66.6  78.2 -71.2 5.50E-03 002.6  30.1 -44.1 16.60569 17.75517 5.600627 shoemake 
TT 200 247.8 -67.2  78.7 -70.7 5.67E-03 002.5  29.4 -43.8 16.94798 17.47714 6.198819 shoemake 
TT 250 247.8 -69.0  77.8 -68.9 5.60E-03 000.9  26.9 -43.6 5.736520 4.499242 5.200445 shoemake 
TT 300 245.2 -68.8  80.4 -68.9 4.96E-03 001.0  27.3 -42.7 3.860210 6.119214 4.948134 shoemake 
TT 350 244.4 -66.6  83.1 -70.9 4.62E-03 001.3  30.3 -42.4 3.970528 9.471354 2.204099 shoemake 
TT 400 244.5 -71.2  79.5 -66.5 4.54E-03 003.0  24.0 -42.3 13.75386 18.90157 5.212435 shoemake 
TT 450 244.1 -70.3  80.5 -67.4 4.33E-03 001.2  25.3 -42.2 2.706015 8.133146 3.985241 shoemake 
TT 500 245.0 -72.8  78.2 -64.9 4.02E-03 000.9  21.8 -42.2 4.284262 2.602694 3.849473 shoemake 
TT 525 243.4 -70.1  81.2 -67.5 3.79E-03 001.6  25.6 -42.0 6.805532 7.420765 3.312959 shoemake 
TT 550 244.4 -69.6  80.6 -68.0 2.96E-03 003.8  26.2 -42.4 8.446989 17.91995 0.740494 shoemake 
TT 580 242.5 -70.5  81.6 -66.9 1.97E-03 003.1  25.0 -41.6 5.464792 9.153023 1.072327 shoemake 
TT 595 243.6 -71.5  80.0 -66.1 1.93E-03 002.1  23.6 -41.9 3.819470 5.809005 1.102924 shoemake 
TT 610 241.6 -70.9  82.0 -66.5 1.61E-03 000.9  24.6 -41.3 1.488885 1.512506 1.365110 shoemake 
TT 625 244.1 -69.0  81.3 -68.6 1.24E-03 001.9  27.0 -42.3 2.838882 2.902582 1.130638 shoemake 
TT 640 244.4 -71.8  79.2 -65.9 1.17E-03 003.4  23.3 -42.2 3.715605 5.779844 1.087854 shoemake 
TT 655 244.7 -68.8  80.9 -68.8 1.16E-03 000.8  27.3 -42.5 1.093146 0.815086 0.873617 shoemake 
TT 665 239.9 -71.8  82.5 -65.5 8.12E-04 000.8  23.4 -40.8 0.666274 0.737169 0.584367 shoemake 
TT 670 242.8 -67.9  83.6 -69.5 8.05E-04 001.1  28.6 -41.8 1.167553 0.834431 0.605444 shoemake 
