MP 18-1 
        169.0  47.0 170.0  42.0   1.0
NRM    256.8 -60.3  63.7 -77.5 4.36E-03 001.8 351.8 -72.5 3.244495 13.18438 0.620611 lowensta 
TT     254.0 -60.5  70.1 -77.5 4.28E-03 002.3 356.4 -72.5 4.752208 16.68586 1.969320 shoemake 
AF     260.3 -60.5  56.5 -76.8 4.32E-03 000.6 346.6 -71.8 3.370241 2.506036 0.391227 lowensta 
AF  20 256.4 -61.0  65.2 -76.8 4.33E-03 000.5 352.9 -71.8 3.260177 2.374987 0.277467 lowensta 
AF  40 254.1 -61.3  70.0 -76.7 4.34E-03 000.8 356.4 -71.7 3.283688 5.443790 0.216938 lowensta 
TT 100 254.6 -61.6  69.1 -76.4 4.36E-03 002.6 355.8 -71.3 1.512697 20.08180 0.568813 shoemake 
TT 150 259.5 -61.8  59.9 -75.7 4.49E-03 000.6 349.0 -70.6 2.292811 4.155307 0.582492 shoemake 
TT 200 254.2 -62.5  70.2 -75.4 4.57E-03 000.7 356.7 -70.4 3.548058 4.420838 1.117214 shoemake 
TT 250 255.4 -62.5  68.0 -75.4 4.59E-03 000.9 355.1 -70.4 5.709379 4.016543 2.128517 shoemake 
TT 300 254.3 -63.7  70.4 -74.3 4.55E-03 001.3 356.9 -69.2 4.430973 9.541593 1.820396 shoemake 
TT 350 254.9 -64.5  69.6 -73.5 4.49E-03 000.8 356.3 -68.4 2.008315 6.203830 0.690625 shoemake 
TT 400 252.8 -64.2  72.8 -73.8 4.48E-03 001.6 358.8 -68.8 2.923507 12.20715 1.171037 shoemake 
TT 450 252.6 -64.9  73.1 -73.1 4.39E-03 001.3 359.1 -68.1 2.113288 9.892437 0.701293 shoemake 
TT 500 252.0 -64.8  74.0 -73.2 4.21E-03 001.6 359.8 -68.2 3.010387 11.09977 1.087903 shoemake 
TT 525 256.0 -64.6  68.0 -73.3 4.11E-03 001.9 355.2 -68.3 2.764661 13.00466 1.385081 shoemake 
TT 550 255.2 -65.1  69.4 -72.9 3.72E-03 001.0 356.2 -67.9 2.312170 5.726038 0.811463 shoemake 
TT 580 252.0 -65.1  73.9 -72.9 3.33E-03 001.2 359.7 -67.9 3.828873 5.474469 1.491094 shoemake 
TT 595 253.2 -65.0  72.3 -73.0 3.31E-03 000.8 358.5 -67.9 2.582775 3.763016 0.961094 shoemake 
TT 610 251.7 -65.7  74.3 -72.3 3.03E-03 000.4   0.1 -67.3 1.553442 1.755686 0.517477 shoemake 
TT 625 253.0 -65.2  72.5 -72.8 2.98E-03 001.0 358.6 -67.8 1.867080 5.021771 0.724034 shoemake 
TT 640 247.0 -65.0  81.1 -72.7 2.51E-03 001.8   5.4 -67.8 1.124119 7.722295 0.636798 shoemake 
TT 655 249.8 -65.5  77.0 -72.4 2.44E-03 000.4   2.2 -67.5 0.909573 1.433292 0.356510 shoemake 
TT 665 253.1 -65.9  72.4 -72.1 1.62E-03 000.6 358.6 -67.1 0.972978 1.384001 0.372815 shoemake 
TT 670 249.1 -65.5  77.9 -72.4 1.65E-03 001.0   2.9 -67.4 0.641531 2.678413 0.327387 shoemake 
