J-99-1_50,  309.0,  -35.3,    2.465,     1.265,   -1.564,   -1.424, 
J-99-1_2_50,  305.1,  -36.4,    5.331,     2.467,   -3.509,   -3.166, 
J-99-2-3_50,  166.9,  43.8,    0.142,    -0.100,    0.023,    0.098, 
J-99-1_4_50,  308.5,  -35.5,    6.667,     3.380,   -4.250,   -3.869, 
J-99-2-2_50,  309.2,  -35.4,    5.961,     3.071,   -3.768,   -3.449, 
J-99-4-1_50,  315.0,  -40.1,    0.614,     0.332,   -0.332,   -0.395, 
J-99-4-4_50,  303.1,  -41.1,    0.558,     0.229,   -0.352,   -0.367, 
J-99-4-2_50,  312.1,  -41.3,    0.244,     0.123,   -0.136,   -0.161, 
J-99-3-3_50,  312.1,  -36.9,    1.932,     1.036,   -1.145,   -1.160, 
J-99-3-1_50,  304.9,  -35.2,    0.604,     0.282,   -0.405,   -0.349, 
J-99-4-3_50,  325.4,  -37.8,    0.363,     0.236,   -0.163,   -0.222, 
J-99-1-3_50,  311.4,  -35.6,    8.078,     4.343,   -4.924,   -4.706, 
J-99-2-1_50,  311.2,  -35.1,    6.044,     3.254,   -3.722,   -3.478, 
J-99-3-4_50,  320.4,  -33.8,    0.985,     0.631,   -0.521,   -0.548, 
J-99-3-4_50,  305.5,  -34.3,    0.277,     0.133,   -0.186,   -0.156, 
Cup-2-3_50,  130.3,  35.4,    6.642,    -3.506,    4.130,    3.843, 
Cup-2-2_50,  131.2,  34.4,   13.966,    -7.593,    8.662,    7.898, 
Cup-1-3_50,  127.0,  34.4,    7.401,    -3.679,    4.877,    4.178, 
Cup-1-2_50,  135.3,  33.8,   11.544,    -6.813,    6.746,    6.429, 
Cup-2-1_50,  140.0,  34.6,    5.408,    -3.410,    2.859,    3.074, 
Cup-1-1_50,  126.9,  34.3,    4.393,    -2.178,    2.905,    2.473, 
Cup-1-3_100,  127.1,  34.4,    6.517,    -3.247,    4.286,    3.682, 
J-99-4-3_100,  349.2,  -39.2,    0.205,     0.156,   -0.030,   -0.129, 
J-99-1-3_100,  310.8,  -35.5,    7.696,     4.097,   -4.744,   -4.465, 
Cup-1-1_100,  127.3,  33.4,    4.215,    -2.131,    2.802,    2.317, 
J-99-3-4_100,  319.4,  -33.6,    0.882,     0.558,   -0.478,   -0.488, 
J99-3-1_100,  306.6,  -37.0,    0.502,     0.239,   -0.322,   -0.302, 
J99-4-2_100,  317.8,  -40.2,    0.188,     0.106,   -0.096,   -0.121, 
J99-4-4_100,  323.6,  -44.9,    0.111,     0.063,   -0.046,   -0.078, 
J99-1-2_100,  306.8,  -36.1,    5.578,     2.699,   -3.606,   -3.290, 
J99-2-3_100,  295.9,  -32.7,    0.470,     0.173,   -0.355,   -0.254, 
J99-3-3_100,  313.9,  -37.0,    1.546,     0.857,   -0.890,   -0.930, 
J-99-4-1_100,  317.0,  -41.4,    0.442,     0.242,   -0.226,   -0.292, 
J99-2-2_100,  310.0,  -35.4,    4.429,     2.321,   -2.766,   -2.566, 
J99-1-1_100,  311.0,  -35.5,    2.287,     1.222,   -1.404,   -1.328, 
J99-3-2_100,  309.1,  -32.7,    0.818,     0.435,   -0.535,   -0.442, 
J99-2-1_100,  311.5,  -35.5,    4.884,     2.636,   -2.975,   -2.839, 
Cup-2-3_100,  130.6,  35.5,    6.411,    -3.400,    3.964,    3.718, 
Cup-2-3_100,  131.2,  34.8,   13.425,    -7.254,    8.300,    7.663, 
Cup-2-1_100,  140.3,  34.3,    5.252,    -3.340,    2.769,    2.960, 
Cup-1-2_100,  135.3,  34.3,   11.034,    -6.481,    6.414,    6.213, 
J99-1-4_100,  309.9,  -35.6,    6.350,     3.317,   -3.961,   -3.692, 

J-99-1-3_150,  318.2,  -36.7,    0.628,     0.375,   -0.335,   -0.375, 
Cup-2-2_150,  309.4,  -35.5,    7.400,     3.821,   -4.658,   -4.296, 
J99-1-2_150,  312.9,  -34.7,    5.474,     3.061,   -3.297,   -3.119, 
J99-4-2_150,  311.2,  -35.1,    2.362,     1.272,   -1.454,   -1.360, 
J99-1-3_150,  311.8,  -33.6,    2.903,     1.610,   -1.803,   -1.609, 
J99-2-1_150,  289.1,  -30.5,    1.203,     0.339,   -0.979,   -0.611, 
J99-4-1_150,  311.3,  -35.1,    1.843,     0.996,   -1.132,   -1.059, 
Cup-2-1_150,  311.6,  -35.5,    3.166,     1.710,   -1.929,   -1.838, 
J99-1-4_150,  296.1,  -25.6,    0.922,     0.365,   -0.747,   -0.398, 
Cup-1-2_150,  308.9,  -35.3,    9.423,     4.827,   -5.986,   -5.446, 
J99-4-4_150,  309.4,  -34.5,    1.382,     0.724,   -0.880,   -0.782, 
J99-3-4_150,  127.8,  36.0,    1.205,    -0.598,    0.770,    0.709, 
Cup-1-3_150,  313.7,  -35.3,    8.831,     4.977,   -5.209,   -5.108, 
Cup-2-3_150,  219.9,   5.6,    0.765,    -0.584,   -0.488,    0.075, 
J99-3-2_150,  132.4,  34.6,    1.021,    -0.568,    0.621,    0.579, 
J99-4-3_150,  322.7,  -34.9,    1.042,     0.681,   -0.518,   -0.596, 
J99-3-3_150,  310.4,  -34.7,    2.262,     1.205,   -1.418,   -1.286, 
Cup-1-1_150,  300.5,  -33.9,    5.741,     2.420,   -4.104,   -3.204, 
J99-2-2_150,  319.9,  -31.4,    0.646,     0.422,   -0.355,   -0.337, 
J99-2-3_150,  153.1,  33.9,    1.772,    -1.311,    0.664,    0.989, 
J99-1-1_150,  291.9,  -29.9,    0.566,     0.183,   -0.455,   -0.282, 
J99-1-2_200,  312.6,  -35.1,    3.562,     1.972,   -2.145,   -2.048, 
J99-4-2_200,  312.0,  -35.0,    1.418,     0.777,   -0.863,   -0.813, 
J99-1-3_200,  312.5,  -33.6,    2.260,     1.272,   -1.388,   -1.252, 
J99-2-1_200,  291.6,  -31.3,    0.856,     0.269,   -0.681,   -0.445, 
J99-4-1_200,  312.4,  -34.6,    1.507,     0.837,   -0.916,   -0.855, 
Cup-2-1_200,  311.6,  -35.1,    2.892,     1.570,   -1.770,   -1.663, 
J99-1-4_200,  295.6,  -27.2,    0.803,     0.309,   -0.644,   -0.367, 
Cup-1-2_200,  308.8,  -35.7,    9.445,     4.811,   -5.979,   -5.506, 
Cup-1-3_200,  313.8,  -36.0,    7.641,     4.279,   -4.459,   -4.494, 
Cup-2-3_200,  243.9,   7.6,    0.541,    -0.236,   -0.481,    0.071, 
J99-3-2_200,  132.1,  35.2,    0.734,    -0.402,    0.445,    0.423, 
J99-4-3_200,  314.4,  -35.0,    0.771,     0.442,   -0.452,   -0.442, 
J99-3-3_200,  310.5,  -34.7,    1.449,     0.774,   -0.906,   -0.825, 
Cup-1-1_200,  299.3,  -34.0,    4.946,     2.005,   -3.579,   -2.762, 
J99-2-2_200,  319.9,  -31.4,    0.585,     0.382,   -0.322,   -0.305, 
J99-4-4_200,  312.8,  -34.4,    0.900,     0.505,   -0.544,   -0.508, 
J99-3-4_200,  127.2,  35.4,    0.768,    -0.378,    0.498,    0.445, 
J99-1-1_200,  296.0,  -21.0,    0.162,     0.066,   -0.136,   -0.058, 
J99-3-1_200,  317.8,  -34.3,    0.401,     0.246,   -0.222,   -0.226, 
Cup-2-2_200,  309.5,  -34.7,    4.436,     2.321,   -2.812,   -2.527, 
J99-2-3_200,  154.1,  33.8,    1.630,    -1.218,    0.591,    0.906,  
Cup-2-2_250,  306.5,  -35.3,    3.104,     1.507,   -2.035,   -1.794, 
J99-2-3_250,  163.6,  33.5,    0.888,    -0.710,    0.209,    0.490, 
J99-3-4_250,  128.9,  36.3,    0.545,    -0.276,    0.342,    0.322, 
J99-3-1_250,  312.6,  -37.5,    0.210,     0.113,   -0.123,   -0.128, 
J99-4-2_250,  309.0,  -35.1,    0.496,     0.256,   -0.315,   -0.286, 
J99-4-3_250,  316.8,  -35.8,    0.545,     0.322,   -0.302,   -0.319, 
Cup-1-1_250,  300.6,  -34.0,    4.119,     1.740,   -2.938,   -2.304, 
J99-4-4_250,  311.5,  -35.8,    0.864,     0.465,   -0.525,   -0.505, 
J99-1-1_250,  297.1,  -30.7,    0.169,     0.066,   -0.129,   -0.086, 
J99-2-1_250,  283.7,  -27.4,    0.520,     0.110,   -0.448,   -0.239, 
J99-1-3_250,  311.8,  -34.2,    1.512,     0.833,   -0.933,   -0.850, 
J99-4-1_250,  310.1,  -34.3,    0.699,     0.372,   -0.442,   -0.393, 
J99-1-4_250,  282.5,  -17.7,    0.339,     0.070,   -0.315,   -0.103, 
Cup-1-3_250,  314.6,  -35.8,    6.972,     3.967,   -4.027,   -4.080, 
J99-3-2_250,  133.8,  35.5,    0.701,    -0.395,    0.412,    0.407, 
J99-3-3_250,  311.0,  -34.0,    1.203,     0.654,   -0.754,   -0.672, 
J99-2-2_250,  315.3,  -32.1,    0.557,     0.335,   -0.332,   -0.295, 
Cup-2-3_250,  227.5,   2.2,    0.477,    -0.322,   -0.352,    0.018, 
Cup-1-2_250,  309.1,  -35.7,    7.081,     3.625,   -4.462,   -4.133, 
Cup-2-1_250,  311.7,  -35.8,    1.470,     0.793,   -0.890,   -0.860, 
J99-1-2_250,  312.2,  -34.4,    2.545,     1.411,   -1.554,   -1.439, 