AutoCore2 -- 15HHA1-2A
Lcl Dcl	Azimuth	Dip Dir	Bed Dir	Longitude	Latitude	Volume	#Runs	Lcl Inc
0.0	0.00e+00	0.00e+00	0.00e+00	0.00e+00	0.000000e+00	0.000000e+00	14.40	24	0.0
Date	Time	DM Type	DM Val	Suscept	X	Y	Z	XSigma	YSigma	ZSigma	BGDdrift	INT	%NRM	MGD	MGI	MSTD	MSTI	MSPD	MSPI	PGLOG	PGLAT	PSLONG	PSLAT
08.09.2015	15:02:09	-1	0	0.7	4.130e-06	-1.217e-06	1.438e-05	0.000e+00	0.000e+00	0.000e+00	6.872e-09	1.04e-06	100.0	343	73	343	73	343	73	-10	29	-10	29	
08.09.2015	15:17:55	2	0		4.163e-06	-1.213e-06	1.443e-05	0.000e+00	0.000e+00	0.000e+00	5.320e-09	1.05e-06	100.4	343	73	343	73	343	73	-10	29	-10	29	
08.09.2015	15:19:44	5	3		3.307e-06	-1.094e-06	1.210e-05	0.000e+00	0.000e+00	0.000e+00	5.793e-09	8.74e-07	83.9	341	73	341	73	341	73	-11	28	-11	28	
08.09.2015	15:21:34	7	6		2.925e-06	-9.292e-07	1.038e-05	0.000e+00	0.000e+00	0.000e+00	1.063e-08	7.52e-07	72.1	342	73	342	73	342	73	-11	29	-11	29	
08.09.2015	15:23:19	2	9		2.425e-06	-9.894e-07	8.795e-06	0.000e+00	0.000e+00	0.000e+00	1.069e-08	6.37e-07	61.1	337	73	337	73	337	73	-13	28	-13	28	
08.09.2015	15:25:16	5	12		2.033e-06	-9.902e-07	7.286e-06	0.000e+00	0.000e+00	0.000e+00	4.263e-09	5.30e-07	50.8	334	72	334	72	334	72	-16	28	-16	28	
08.09.2015	15:27:14	7	15		1.815e-06	-1.128e-06	7.044e-06	0.000e+00	0.000e+00	0.000e+00	1.379e-08	5.11e-07	49.0	328	73	328	73	328	73	-18	26	-18	26	
14.09.2015	16:04:40	-1	90	0.7	1.588e-06	-9.395e-07	6.311e-06	0.000e+00	0.000e+00	0.000e+00	8.244e-09	4.57e-07	43.8	329	73	329	73	329	73	-17	25	-17	25	
15.09.2015	13:04:54	-1	150		1.500e-06	-7.408e-07	4.746e-06	0.000e+00	0.000e+00	0.000e+00	3.321e-08	3.49e-07	33.5	333	70	333	70	333	70	-18	31	-18	31	
15.09.2015	13:08:12	-1	150	0.7	1.508e-06	-7.843e-07	4.826e-06	0.000e+00	0.000e+00	0.000e+00	3.424e-08	3.55e-07	34.1	332	70	332	70	332	70	-19	30	-19	30	
15.09.2015	18:06:55	-1	180	0.7	1.083e-06	-4.503e-07	3.486e-06	0.000e+00	0.000e+00	0.000e+00	5.359e-09	2.55e-07	24.5	337	71	337	71	337	71	-15	31	-15	31	
16.09.2015	12:46:32	-1	211		1.035e-06	-7.450e-08	2.421e-06	0.000e+00	0.000e+00	0.000e+00	5.537e-09	1.83e-07	17.5	355	66	355	66	355	66	-4	40	-4	40	
16.09.2015	12:50:09	-1	211	0.6	1.073e-06	-5.120e-08	2.423e-06	0.000e+00	0.000e+00	0.000e+00	5.320e-09	1.84e-07	17.7	357	66	357	66	357	66	-3	41	-3	41	
17.09.2015	21:16:15	-1	0		-1.797e-07	2.815e-07	-5.934e-07	0.000e+00	0.000e+00	0.000e+00	4.453e-09	4.73e-08	4.5	122	-61	122	-61	122	-61	-44	23	-44	23	
17.09.2015	21:18:59	-1	0		1.028e-06	-4.771e-08	2.435e-06	0.000e+00	0.000e+00	0.000e+00	6.801e-09	1.84e-07	17.6	357	67	357	67	357	67	-3	40	-3	40	
17.09.2015	21:21:20	5	20		9.464e-07	-4.367e-07	2.311e-06	0.000e+00	0.000e+00	0.000e+00	7.919e-09	1.76e-07	16.9	335	65	335	65	335	65	-21	37	-21	37	
17.09.2015	21:23:49	7	25		8.539e-07	-1.589e-07	2.884e-06	0.000e+00	0.000e+00	0.000e+00	6.557e-09	2.09e-07	20.1	349	73	349	73	349	73	-7	30	-7	30	
17.09.2015	21:26:11	2	30		9.786e-07	9.358e-08	3.004e-06	0.000e+00	0.000e+00	0.000e+00	7.157e-09	2.19e-07	21.1	5	71	5	71	5	71	3	33	3	33	
17.09.2015	21:32:36	5	35		9.001e-07	-5.512e-07	2.772e-06	0.000e+00	0.000e+00	0.000e+00	1.412e-08	2.06e-07	19.8	328	69	328	69	328	69	-22	31	-22	31	
17.09.2015	21:35:17	7	40		1.065e-06	-4.397e-07	2.074e-06	0.000e+00	0.000e+00	0.000e+00	4.692e-09	1.65e-07	15.8	337	60	337	60	337	60	-23	43	-23	43	
17.09.2015	21:37:55	2	45		1.215e-06	-2.481e-07	1.731e-06	0.000e+00	0.000e+00	0.000e+00	1.688e-08	1.48e-07	14.2	348	54	348	54	348	54	-16	53	-16	53	
17.09.2015	21:40:44	5	50		1.216e-06	-7.667e-07	1.410e-06	0.000e+00	0.000e+00	0.000e+00	9.148e-09	1.40e-07	13.4	327	44	327	44	327	44	-48	49	-48	49	
17.09.2015	21:43:53	7	55		4.410e-08	1.479e-07	1.179e-06	0.000e+00	0.000e+00	0.000e+00	1.064e-08	8.26e-08	7.9	73	82	73	82	73	82	14	4	14	4	
17.09.2015	21:47:00	2	60	0.7	2.588e-07	-1.237e-07	7.846e-07	0.000e+00	0.000e+00	0.000e+00	9.835e-09	5.80e-08	5.6	334	69	334	69	334	69	-18	32	-18	32	
