AutoCore2 -- 15JC4-1A
Lcl Dcl	Azimuth	Dip Dir	Bed Dir	Longitude	Latitude	Volume	#Runs	Lcl Inc
0.0	0.00e+00	0.00e+00	0.00e+00	0.00e+00	0.000000e+00	0.000000e+00	16.20	22	0.0
Date	Time	DM Type	DM Val	Suscept	X	Y	Z	XSigma	YSigma	ZSigma	BGDdrift	INT	%NRM	MGD	MGI	MSTD	MSTI	MSPD	MSPI	PGLOG	PGLAT	PSLONG	PSLAT
08.09.2015	18:06:07	-1	0	1.0	4.512e-06	-4.503e-07	1.416e-05	0.000e+00	0.000e+00	0.000e+00	1.135e-08	9.18e-07	100.0	354	72	354	72	354	72	-4	32	-4	32	
08.09.2015	18:08:44	2	0		4.624e-06	-4.323e-07	1.406e-05	0.000e+00	0.000e+00	0.000e+00	6.024e-09	9.14e-07	99.6	354	71	354	71	354	71	-4	33	-4	33	
08.09.2015	18:10:32	5	3		4.523e-06	-4.195e-07	1.225e-05	0.000e+00	0.000e+00	0.000e+00	1.139e-08	8.06e-07	87.9	354	69	354	69	354	69	-4	36	-4	36	
08.09.2015	18:12:23	7	6		3.782e-06	-5.230e-07	1.010e-05	0.000e+00	0.000e+00	0.000e+00	2.299e-09	6.67e-07	72.6	352	69	352	69	352	69	-6	36	-6	36	
08.09.2015	18:14:08	2	9		3.185e-06	-8.687e-07	9.016e-06	0.000e+00	0.000e+00	0.000e+00	4.662e-09	5.93e-07	64.6	344	69	344	69	344	69	-11	34	-11	34	
08.09.2015	18:16:05	5	12		2.579e-06	-8.100e-07	7.586e-06	0.000e+00	0.000e+00	0.000e+00	2.937e-09	4.97e-07	54.2	342	70	342	70	342	70	-13	33	-13	33	
08.09.2015	18:18:03	7	15		2.164e-06	-7.674e-07	6.741e-06	0.000e+00	0.000e+00	0.000e+00	9.686e-09	4.40e-07	47.9	340	71	340	71	340	71	-13	32	-13	32	
14.09.2015	16:43:41	-1	90	1.0	1.774e-06	-8.368e-07	5.596e-06	0.000e+00	0.000e+00	0.000e+00	1.602e-08	3.66e-07	39.9	334	70	334	70	334	70	-17	31	-17	31	
15.09.2015	13:48:39	-1	150	1.0	1.033e-06	-5.894e-07	3.188e-06	0.000e+00	0.000e+00	0.000e+00	4.658e-09	2.10e-07	22.9	330	69	330	69	330	69	-21	31	-21	31	
15.09.2015	18:38:14	-1	180	1.1	9.066e-07	-2.664e-07	2.164e-06	0.000e+00	0.000e+00	0.000e+00	9.814e-09	1.46e-07	15.9	343	66	343	66	343	66	-14	39	-14	39	
16.09.2015	13:22:33	-1	211		1.215e-07	-5.487e-07	1.525e-06	0.000e+00	0.000e+00	0.000e+00	6.034e-09	1.00e-07	10.9	282	69	282	69	282	69	-36	7	-36	7	
16.09.2015	13:26:10	-1	211	1.1	1.432e-07	-5.553e-07	1.523e-06	0.000e+00	0.000e+00	0.000e+00	9.423e-09	1.00e-07	10.9	284	69	284	69	284	69	-37	8	-37	8	
22.09.2015	15:09:29	-1	0		1.041e-07	-6.955e-07	1.698e-06	0.000e+00	0.000e+00	0.000e+00	1.039e-08	1.13e-07	12.4	278	67	278	67	278	67	-40	5	-40	5	
22.09.2015	15:11:45	5	20		2.252e-07	-1.116e-06	1.673e-06	0.000e+00	0.000e+00	0.000e+00	5.807e-09	1.25e-07	13.6	281	55	281	55	281	55	-54	9	-54	9	
22.09.2015	15:14:12	7	25		-2.144e-07	-8.947e-07	1.314e-06	0.000e+00	0.000e+00	0.000e+00	3.022e-09	9.90e-08	10.8	256	55	256	55	256	55	-54	-11	-54	-11	
22.09.2015	15:16:36	2	30		1.106e-07	-8.654e-07	1.573e-06	0.000e+00	0.000e+00	0.000e+00	1.355e-08	1.11e-07	12.1	277	60	277	60	277	60	-48	5	-48	5	
22.09.2015	15:19:19	5	35		-1.732e-07	-6.562e-07	1.122e-06	0.000e+00	0.000e+00	0.000e+00	6.354e-09	8.09e-08	8.8	255	58	255	58	255	58	-50	-12	-50	-12	
22.09.2015	15:22:00	7	40		-1.272e-07	-7.175e-07	1.161e-06	0.000e+00	0.000e+00	0.000e+00	9.279e-09	8.46e-08	9.2	259	57	259	57	259	57	-52	-8	-52	-8	
22.09.2015	15:24:48	2	45		-3.196e-07	-1.182e-06	1.248e-06	0.000e+00	0.000e+00	0.000e+00	5.081e-09	1.08e-07	11.8	254	45	254	45	254	45	-63	-14	-63	-14	
22.09.2015	15:27:48	5	50		-9.761e-09	-1.100e-06	8.935e-07	0.000e+00	0.000e+00	0.000e+00	4.074e-09	8.75e-08	9.5	269	39	269	39	269	39	-68	-1	-68	-1	
22.09.2015	15:31:03	7	55		-2.140e-07	-8.672e-07	5.131e-07	0.000e+00	0.000e+00	0.000e+00	6.968e-09	6.36e-08	6.9	256	29	256	29	256	29	-74	-14	-74	-14	
22.09.2015	15:34:05	2	60	1.1	-4.305e-07	-1.124e-06	1.205e-06	0.000e+00	0.000e+00	0.000e+00	4.823e-09	1.05e-07	11.5	249	45	249	45	249	45	-62	-19	-62	-19	
