tab	pmag_specimens
er_sample_name	er_specimen_name	specimen_int_uT	measurement_step_min	measurement_step_min	specimen_lab_field_dc	Anisotropy_correction_factor	NLT_correction_factor	specimen_n	specimen_int_ptrm_n	specimen_f	specimen_fvds	specimen_frac	specimen_gap_max	specimen_b_beta	specimen_dang	specimen_drats	specimen_int_mad	specimen_md
su100601	su100601c	45.50	150	530	40	-	-	13.00	7.00	0.71	0.81	0.80	0.23	0.06	2.94	6.16	3.84	-1.00
su100601	su100601b	43.18	200	580	40	-	-	15.00	8.00	0.73	0.79	0.81	0.15	0.02	1.44	2.60	4.25	-1.00
su100601	su100601g	43.55	100	580	40	-	1.00	17.00	8.00	0.86	0.88	0.96	0.17	0.05	1.62	2.80	3.68	-1.00
su100601	su100601f	42.53	150	580	40	-	-	16.00	8.00	0.73	0.82	0.79	0.28	0.05	2.78	4.75	3.32	-1.00
su100901	su100901d	57.48	100	560	40	-	-	16.00	8.00	0.97	0.94	0.96	0.12	0.02	1.45	2.69	3.01	-1.00
su100901	su100901e	57.35	250	545	40	-	1.01	12.00	8.00	0.90	0.87	0.87	0.17	0.02	1.19	10.83	1.89	-1.00
su100901	su100901f	56.43	100	530	40	-	-	14.00	7.00	0.77	0.75	0.79	0.14	0.02	1.76	18.04	4.80	-1.00
su100901	su100901b	62.84	0	580	40	-	1.01	17.00	8.00	0.98	0.98	1.00	0.17	0.03	1.99	7.91	2.75	-1.00
su100901	su100901c	53.83	150	515	40	-	1.00	12.00	7.00	0.85	0.79	0.81	0.16	0.03	4.19	4.42	4.78	-1.00
su100901	su100901h	56.26	150	560	40	-	-	15.00	8.00	0.99	0.92	0.95	0.11	0.04	3.05	4.66	2.45	-1.00
su101201	su101201d	51.19	250	515	40	-	1.01	10.00	7.00	0.81	0.78	0.81	0.19	0.01	8.35	4.95	4.22	-1.00
su101201	su101201e	51.17	150	580	40	-	1.01	16.00	8.00	0.90	0.83	0.95	0.14	0.03	0.84	0.12	3.39	-1.00
su101201	su101201f	51.28	0	515	40	-	1.01	14.00	7.00	0.94	0.86	0.98	0.16	0.04	1.97	2.45	4.76	-1.00
su101201	su101201g	51.07	200	480	40	-	-	9.00	6.00	0.83	0.77	0.85	0.28	0.05	1.80	0.45	3.98	-1.00
su101801	su101801h	65.26	100	580	40	-	1.03	17.00	8.00	0.91	0.94	0.96	0.19	0.02	1.02	5.23	1.42	-1.00
su101801	su101801f	71.31	0	390	40	-	1.03	9.00	4.00	0.85	0.86	0.86	0.17	0.03	1.77	8.56	2.77	-1.00
su101801	su101801g	63.65	200	560	40	-	1.01	14.00	8.00	0.74	0.80	0.81	0.27	0.02	2.42	6.48	1.40	-1.00
su101801	su101801d	66.36	150	515	40	-	1.01	12.00	7.00	0.71	0.79	0.80	0.18	0.01	0.07	9.75	1.17	-1.00
su101801	su101801e	66.24	0	560	40	-	1.03	17.00	8.00	0.97	1.00	0.99	0.18	0.01	1.05	10.73	1.21	-1.00
su101801	su101801b	65.19	100	480	40	-	-	10.00	5.00	0.86	0.88	0.90	0.24	0.01	0.96	11.75	1.92	-1.00
su101801	su101801c	66.20	100	500	40	-	-	11.00	6.00	0.86	0.87	0.87	0.17	0.02	0.91	8.32	1.73	-1.00
su101801	su101801a	66.90	100	450	40	-	1.03	9.00	5.00	0.78	0.86	0.88	0.32	0.02	1.18	6.02	1.31	-1.00
su102501	su102501b	59.50	250	560	40	-	1.01	13.00	8.00	0.97	0.90	0.90	0.17	0.03	2.35	0.75	2.48	-1.00
su102501	su102501c	59.40	250	545	40	-	1.01	12.00	8.00	0.92	0.82	0.84	0.13	0.04	5.05	5.50	3.66	-1.00
su102501	su102501a	59.48	100	580	40	-	1.01	16.00	8.00	1.01	0.97	0.99	0.12	0.02	1.72	0.78	2.15	-1.00
su102501	su102501g	59.41	300	560	40	-	1.01	12.00	8.00	0.93	0.85	0.86	0.15	0.03	3.38	2.66	3.00	-1.00
su103201	su103201b	53.39	0	580	40	-	1.01	17.00	8.00	0.97	0.91	0.99	0.44	0.01	1.30	0.52	2.03	-1.00
su103201	su103201f	58.35	300	580	40	-	-	13.00	8.00	0.84	0.81	0.80	0.15	0.04	1.84	11.07	2.40	-1.00
su103201	su103201g	59.82	300	580	40	-	1.02	13.00	8.00	0.89	0.83	0.83	0.23	0.04	0.91	3.33	1.32	-1.00
su105301	su105301g	45.37	250	560	40	-	-	13.00	8.00	0.85	0.84	0.87	0.13	0.01	1.85	10.08	4.03	-1.00
su105301	su105301f	45.32	250	560	40	-	-	13.00	8.00	0.85	0.83	0.86	0.15	0.01	4.01	7.64	4.16	-1.00
su105301	su105301c	50.19	200	560	40	-	1.00	14.00	8.00	0.81	0.80	0.85	0.19	0.03	2.62	7.92	4.71	-1.00
su107501	su107501h	56.53	100	530	40	-	-	14.00	7.00	0.79	0.75	0.79	0.13	0.03	0.88	14.63	2.27	-1.00
su107501	su107501g	55.37	0	545	40	-	-	16.00	8.00	0.88	0.82	0.89	0.15	0.02	3.82	12.82	3.48	-1.00
su107501	su107501e	56.65	150	545	40	-	-	14.00	8.00	0.94	0.87	0.93	0.12	0.02	3.08	30.05	4.30	-1.00
su107501	su107501d	60.37	200	515	40	-	-	11.00	7.00	0.96	0.86	0.87	0.21	0.04	1.42	18.94	4.56	-1.00
su107501	su107501c	59.69	200	500	40	-	-	10.00	6.00	0.88	0.84	0.83	0.18	0.04	1.63	19.50	1.64	-1.00
su107501	su107501b	51.00	100	480	40	-	1.01	10.00	5.00	0.80	0.80	0.81	0.15	0.02	4.46	5.25	3.75	-1.00
su107501	su107501a	56.67	0	580	40	-	1.01	17.00	8.00	1.07	0.97	1.00	0.18	0.04	1.56	5.62	2.57	-1.00
su109001	su109001h	61.23	150	530	40	-	1.02	13.00	7.00	0.93	0.89	0.91	0.18	0.02	2.26	18.17	2.49	-1.00
su109001	su109001f	59.13	0	390	40	-	-	9.00	4.00	0.83	0.81	0.82	0.26	0.03	1.35	2.07	0.87	-1.00
su109001	su109001g	63.91	150	480	40	-	1.03	10.00	6.00	0.83	0.80	0.83	0.19	0.01	3.25	11.16	4.37	-1.00
su109001	su109001d	57.61	250	580	40	-	1.01	14.00	8.00	0.81	0.82	0.83	0.17	0.02	1.03	4.69	0.96	-1.00
su109001	su109001e	64.21	200	500	40	-	1.03	10.00	6.00	0.84	0.79	0.82	0.25	0.01	0.50	5.79	1.83	-1.00
su109001	su109001b	59.39	330	500	40	-	1.01	7.00	6.00	0.80	0.80	0.81	0.41	0.06	1.14	4.60	1.80	-1.00
su109001	su109001c	61.27	330	530	40	-	1.02	9.00	7.00	0.77	0.86	0.85	0.35	0.04	0.81	0.49	1.50	-1.00
su109001	su109001a	62.90	200	480	40	-	1.01	9.00	5.00	0.84	0.81	0.82	0.18	0.02	1.92	3.81	2.68	-1.00
su109102	su109102f	62.63	0	530	40	-	-	15.00	7.00	0.87	0.85	0.85	0.15	0.04	3.23	9.12	2.67	-1.00
su109102	su109102a	57.62	0	515	40	-	1.01	13.00	6.00	0.82	0.81	0.80	0.30	0.03	3.10	8.22	1.90	-1.00
su109102	su109102b	60.08	0	545	40	-	1.01	15.00	7.00	0.93	0.91	0.91	0.25	0.03	3.48	11.85	1.73	-1.00
su109302	su109302f	55.20	0	420	40	-	-	10.00	5.00	0.79	0.74	0.81	0.24	0.02	24.93	3.15	3.66	-1.00
su109302	su109302d	55.20	0	450	40	-	-	11.00	5.00	0.76	0.76	0.80	0.21	0.03	15.08	0.90	4.56	-1.00
su109302	su109302e	57.63	0	500	40	-	-	13.00	6.00	0.93	0.87	0.87	0.28	0.04	14.24	9.12	4.06	-1.00
su109302	su109302c	53.80	0	490	40	-	-	12.00	6.00	0.77	0.78	0.80	0.35	0.05	7.41	3.16	2.69	-1.00
su109302	su109302a	49.99	0	440	40	-	-	10.00	5.00	0.80	0.78	0.80	0.40	0.01	15.79	8.68	4.85	-1.00
su109702	su109702c	67.30	100	530	40	-	-	14.00	7.00	0.85	0.84	0.88	0.13	0.02	2.91	16.45	4.30	-1.00
su109702	su109702f	58.26	250	560	40	-	-	13.00	8.00	0.78	0.82	0.83	0.12	0.03	2.36	11.13	4.32	-1.00
su109702	su109702g	67.42	250	560	40	-	-	13.00	8.00	0.85	0.80	0.81	0.14	0.03	4.31	3.34	3.66	-1.00
su109702	su109702d	62.12	200	580	40	-	1.01	15.00	8.00	0.94	0.88	0.88	0.11	0.02	1.08	2.83	1.53	-1.00
su109702	su109702e	56.68	0	515	40	-	-	14.00	7.00	0.81	0.78	0.81	0.12	0.02	4.89	12.93	3.87	-1.00
su109801	su109801f	56.48	100	480	40	-	-	11.00	6.00	0.82	0.76	0.80	0.13	0.04	4.24	6.07	4.37	-1.00
su109801	su109801e	62.79	250	580	40	-	-	14.00	8.00	0.89	0.83	0.85	0.15	0.02	2.34	4.33	2.41	-1.00
su109801	su109801a	59.40	100	530	40	-	-	13.00	7.00	0.87	0.84	0.88	0.13	0.04	11.40	2.67	4.34	-1.00
su110801	su110801h	60.56	150	480	40	-	-	10.00	6.00	0.86	0.81	0.85	0.26	0.01	5.69	1.25	4.13	-1.00
su110801	su110801d	59.55	100	450	40	-	1.01	10.00	5.00	0.87	0.81	0.85	0.36	0.02	6.81	0.00	2.97	-1.00
su110801	su110801f	65.83	300	560	40	-	-	12.00	8.00	0.88	0.80	0.82	0.22	0.00	3.39	4.77	4.58	-1.00
su110801	su110801g	63.12	150	580	40	-	1.00	16.00	8.00	0.99	0.96	0.99	0.24	0.01	2.37	3.19	2.82	-1.00
su110801	su110801a	63.18	0	560	40	-	1.00	16.00	8.00	1.02	0.95	1.00	0.14	0.03	1.83	3.46	2.92	-1.00
su110801	su110801b	61.98	360	580	40	-	1.01	11.00	8.00	0.85	0.83	0.84	0.29	0.01	3.03	2.65	3.53	-1.00
su110801	su110801c	67.65	330	500	40	-	1.01	7.00	6.00	0.87	0.85	0.86	0.29	0.01	3.64	1.91	3.21	-1.00
