PI47- 4a mag compass orientation (IGRF corrected)
      0 203.1  10.0  0.0  0.0  1.0                  
NRM    069.8  62.7 069.8  62.7 7.87E-05 002.2 299.0  68.9 0.083394 0.280958 0.063235 hargrave 2015-09-16 18:24:44
TT  50 068.5  63.2 068.5  63.2 7.81E-05 002.0 297.0  69.2 0.099987 0.254038 0.061310 hargrave 2015-09-19 18:34:22
TT  75 066.7  63.7 066.7  63.7 7.76E-05 002.2 294.4  69.4 0.114793 0.264307 0.076875 hargrave 2015-09-21 22:17:47
TT 100 069.3  63.2 069.3  63.2 7.52E-05 002.8 297.9  69.3 0.084565 0.340642 0.107294 hargrave 2015-09-24 09:51:45
TT 125 073.0  59.7 073.0  59.7 7.03E-05 002.8 305.3  66.5 0.295343 0.136836 0.132988 hargrave 2015-09-24 15:45:43
TT 150 077.1  56.5 077.1  56.5 6.28E-05 002.4 312.3  64.0 0.129741 0.190482 0.126632 hargrave 2015-09-25 12:28:47
TT 175 085.0  51.9 085.0  51.9 5.69E-05 002.8 324.0  60.4 0.175406 0.175126 0.131354 hargrave 2015-09-26 13:52:10
TT 200 080.5  51.7 080.5  51.7 5.46E-05 002.5 318.5  59.8 0.135033 0.157937 0.110856 hargrave 2015-09-26 19:50:25
TT 225 083.3  51.9 083.3  51.9 5.18E-05 003.6 321.8  60.2 0.138412 0.254399 0.143359 hargrave 2015-09-28 19:41:36
TT 250 080.0  51.7 080.0  51.7 5.07E-05 002.5 317.9  59.7 0.149591 0.114936 0.121559 hargrave 2015-10-01 12:00:21
TT 275 081.9  51.2 081.9  51.2 4.82E-05 003.1 320.4  59.4 0.052616 0.225274 0.119239 hargrave 2015-10-05 18:52:32
TT 300 082.3  50.9 082.3  50.9 4.49E-05 002.5 321.0  59.1 0.113948 0.111266 0.112358 hargrave 2015-10-06 02:27:43
TT 325 086.4  50.6 086.4  50.6 4.17E-05 002.6 326.1  59.2 0.095924 0.140593 0.090192 hargrave 2015-10-06 07:02:48
TT 350 086.0  49.9 086.0  49.9 3.70E-05 002.4 325.8  58.6 0.085670 0.101441 0.078893 hargrave 2015-10-06 12:48:43
TT 375 082.6  49.2 082.6  49.2 3.23E-05 003.2 321.9  57.5 0.111491 0.105803 0.094903 hargrave 2015-10-08 13:23:49
TT 400 080.7  50.3 080.7  50.3 2.83E-05 003.0 319.3  58.4 0.088803 0.089228 0.080447 hargrave 2015-10-10 16:26:39
TT 425 078.6  50.5 078.6  50.5 2.38E-05 003.2 316.7  58.3 0.116581 0.023005 0.065462 hargrave 2015-10-13 11:14:22
TT 450 081.2  49.7 081.2  49.7 2.00E-05 003.9 320.1  57.8 0.116931 0.018644 0.068599 hargrave 2015-10-13 16:55:33
TT 475 074.8  50.2 074.8  50.2 1.63E-05 003.0 312.3  57.5 0.062133 0.041574 0.045707 hargrave 2015-10-16 18:40:08
TT 500 069.5  51.8 069.5  51.8 1.17E-05 002.0 305.5  58.4 0.025124 0.017723 0.030567 hargrave 2015-10-19 18:32:23
TT 525 068.7  65.1 068.7  65.1 9.84E-06 002.7 295.3  71.0 0.009705 0.042395 0.018165 hargrave 2015-10-20 13:33:34
TT 550 066.4  32.8 066.4  32.8 5.13E-06 004.6 307.7  39.4 0.008468 0.034668 0.023433 hargrave 2015-10-26 14:30:18
TT 560 324.5  77.6 324.5  77.6 4.18E-09 006.9 197.8  67.2 0.000031 0.000045 0.000024 hargrave 2015-10-27 12:21:29
TT 560 049.9  50.5 049.9  50.5 4.87E-06 001.1 284.7  54.0 0.003509 0.006137 0.007066 hargrave 2015-10-27 12:37:19
TT 560 045.5  47.3 045.5  47.3 4.94E-06 004.7 281.4  50.3 0.012312 0.036501 0.017030 hargrave 2015-10-29 10:55:15
TT 570 023.3  21.9 023.3  21.9 3.11E-06 018.4 266.2  21.6 0.020973 0.308361 0.122202 hargrave 2015-10-29 16:54:08
TT 570 027.4  22.4 027.4  22.4 6.24E-06 002.8 270.1  22.8 0.021666 0.012083 0.018918 hargrave 2015-10-29 17:37:24
TT 575 056.4  28.1 056.4  28.1 3.34E-06 044.5 298.2  33.2 0.141310 0.263263 0.195207 hargrave 2015-10-31 12:26:14
TT 575 060.6  30.2 060.6  30.2 6.78E-06 004.0 302.2  35.9 0.013653 0.018398 0.042855 hargrave 2015-10-31 13:38:38
TT 577 041.3  51.8 041.3  51.8 2.19E-06 037.3 275.2  53.9 0.013060 0.137720 0.189223 hargrave 2015-10-31 19:30:35
TT 577 186.1 -54.1 186.1 -54.1 2.12E-09 070.7 061.1 -48.2 0.000195 0.000102 0.000318 hargrave 2015-11-01 08:53:20
TT 577 045.8  50.9 045.8  50.9 4.86E-06 004.0 280.2  53.7 0.019815 0.024184 0.016146 hargrave 2015-11-03 10:34:28
TT 579 053.2  23.6 053.2  23.6 6.34E-06 003.4 295.8  28.3 0.018316 0.015268 0.031763 hargrave 2015-11-05 12:11:15
