PI47- 9a mag compass orientation (IGRF corrected)
      0 328.1  21.0  0.0  0.0  1.0                  
NRM    103.2  66.0 103.2  66.0 8.81E-05 001.7 205.8  48.5 0.074307 0.216786 0.124038 hargrave 2015-09-16 18:32:38
TT  50 103.2  66.5 103.2  66.5 8.74E-05 001.4 205.5  49.1 0.104540 0.153198 0.116564 hargrave 2015-09-19 18:43:09
TT  75 106.2  65.9 106.2  65.9 8.53E-05 001.6 207.6  49.0 0.073179 0.193176 0.109758 hargrave 2015-09-21 22:26:07
TT 100 107.6  64.5 107.6  64.5 8.18E-05 001.9 209.2  47.9 0.050586 0.250049 0.109796 hargrave 2015-09-24 10:00:09
TT 125 103.9  63.0 103.9  63.0 7.49E-05 001.1 207.9  45.9 0.048136 0.090764 0.100753 hargrave 2015-09-24 15:53:38
TT 150 107.5  60.3 107.5  60.3 7.01E-05 001.4 211.6  44.1 0.048329 0.118106 0.116416 hargrave 2015-09-25 12:36:42
TT 175 114.0  57.5 114.0  57.5 6.55E-05 001.4 217.4  42.8 0.094454 0.066698 0.103792 hargrave 2015-09-26 14:01:11
TT 200 110.5  57.5 110.5  57.5 6.33E-05 001.5 215.0  42.1 0.117744 0.073840 0.087541 hargrave 2015-09-26 19:58:01
TT 225 114.7  55.8 114.7  55.8 6.05E-05 002.9 218.7  41.4 0.163297 0.240928 0.100647 hargrave 2015-09-28 19:49:38
TT 250 110.5  56.1 110.5  56.1 5.88E-05 001.3 215.7  40.8 0.085600 0.041973 0.101365 hargrave 2015-10-01 12:08:19
TT 275 114.0  54.3 114.0  54.3 5.35E-05 002.9 219.0  39.8 0.121358 0.235405 0.081647 hargrave 2015-10-05 19:00:28
TT 300 113.7  53.9 113.7  53.9 4.88E-05 001.2 219.0  39.4 0.044699 0.063687 0.074005 hargrave 2015-10-06 02:35:35
TT 325 116.9  52.1 116.9  52.1 4.37E-05 001.9 222.1  38.5 0.045367 0.122056 0.075018 hargrave 2015-10-06 07:10:40
TT 350 112.1  52.9 112.1  52.9 3.93E-05 001.3 218.4  38.1 0.054815 0.022490 0.074250 hargrave 2015-10-06 12:56:37
TT 375 116.5  50.6 116.5  50.6 3.45E-05 004.5 222.6  37.1 0.139648 0.222981 0.081754 hargrave 2015-10-08 13:31:49
TT 400 116.5  50.2 116.5  50.2 3.03E-05 004.3 222.8  36.7 0.127578 0.181044 0.065610 hargrave 2015-10-10 16:34:30
TT 425 118.7  47.9 118.7  47.9 2.64E-05 005.9 225.5  35.0 0.181917 0.203905 0.052200 hargrave 2015-10-13 11:22:16
TT 450 122.5  45.1 122.5  45.1 2.32E-05 004.7 229.8  33.5 0.124463 0.134766 0.063628 hargrave 2015-10-13 17:03:23
TT 475 119.1  46.3 119.1  46.3 1.89E-05 003.5 226.6  33.7 0.093781 0.073856 0.020414 hargrave 2015-10-16 18:48:40
TT 500 121.6  46.7 121.6  46.7 1.66E-05 003.2 228.3  34.7 0.057643 0.063633 0.041103 hargrave 2015-10-19 18:40:14
TT 525 126.8  45.7 126.8  45.7 1.12E-05 002.9 232.8  35.3 0.040192 0.032222 0.033351 hargrave 2015-10-20 13:41:28
TT 550 140.2  39.2 140.2  39.2 6.50E-06 002.8 247.0  33.5 0.022574 0.021424 0.009505 hargrave 2015-10-26 14:38:13
TT 560 122.9  48.1 122.9  48.1 4.98E-06 001.3 228.7  36.3 0.014013 0.002842 0.003100 hargrave 2015-10-27 12:32:10
TT 560 126.4  48.4 126.4  48.4 4.94E-06 002.7 231.1  37.6 0.022479 0.005602 0.007852 hargrave 2015-10-29 11:03:16
TT 570 157.1  57.6 157.1  57.6 3.07E-06 003.5 247.1  54.9 0.011668 0.012832 0.007359 hargrave 2015-10-29 17:02:00
TT 575 171.3  62.4 171.3  62.4 2.77E-06 003.9 250.9  63.3 0.009932 0.013998 0.008995 hargrave 2015-10-31 12:34:06
TT 577 158.9  60.4 158.9  60.4 3.34E-06 002.3 245.0  57.7 0.008562 0.008687 0.008001 hargrave 2015-10-31 19:38:29
TT 579 144.6  64.0 144.6  64.0 2.66E-06 002.5 231.5  56.1 0.005792 0.006400 0.009643 hargrave 2015-11-05 12:19:18
