PI47- 1a mag compass orientation (IGRF corrected)
      0 323.1  16.0  0.0  0.0  1.0                  
NRM    085.0  56.1 085.0  56.1 9.06E-05 002.1 203.3  41.9 0.088765 0.281465 0.178830 hargrave 2015-09-16 18:20:04
TT  50 082.2  56.5 082.2  56.5 9.00E-05 001.4 201.2  41.9 0.117996 0.069443 0.182012 hargrave 2015-09-19 18:28:49
TT  75 085.1  56.2 085.1  56.2 8.88E-05 000.7 203.4  42.0 0.064217 0.087812 0.120670 hargrave 2015-09-21 22:10:27
TT 100 085.0  55.1 085.0  55.1 8.61E-05 000.9 203.6  40.9 0.053249 0.111206 0.127695 hargrave 2015-09-24 09:44:17
TT 125 083.8  54.0 083.8  54.0 8.19E-05 001.4 203.0  39.7 0.082751 0.147991 0.146251 hargrave 2015-09-24 15:41:04
TT 150 086.9  51.0 086.9  51.0 7.78E-05 001.3 206.0  37.1 0.054878 0.104321 0.150382 hargrave 2015-09-25 12:24:04
TT 175 085.8  49.3 085.8  49.3 7.32E-05 002.9 205.6  35.3 0.171976 0.317367 0.144371 hargrave 2015-09-26 13:44:45
TT 200 089.4  48.5 089.4  48.5 7.21E-05 001.3 208.6  35.0 0.115177 0.112285 0.111765 hargrave 2015-09-26 19:45:54
TT 225 091.8  47.7 091.8  47.7 6.96E-05 001.7 210.7  34.5 0.096237 0.139365 0.145384 hargrave 2015-09-28 19:36:54
TT 250 088.0  48.3 088.0  48.3 6.93E-05 001.3 207.6  34.5 0.051422 0.073996 0.156192 hargrave 2015-10-01 11:55:36
TT 275 088.6  48.1 088.6  48.1 6.74E-05 001.8 208.0  34.4 0.066424 0.137494 0.166062 hargrave 2015-10-05 18:47:53
TT 300 088.6  47.7 088.6  47.7 6.45E-05 001.1 208.1  34.1 0.040305 0.043040 0.141379 hargrave 2015-10-06 02:23:03
TT 325 089.1  47.4 089.1  47.4 6.18E-05 002.2 208.6  33.8 0.112047 0.167948 0.143652 hargrave 2015-10-06 06:58:08
TT 350 089.0  47.2 089.0  47.2 5.74E-05 001.7 208.6  33.6 0.078710 0.018180 0.162379 hargrave 2015-10-06 12:44:02
TT 375 087.5  46.7 087.5  46.7 5.42E-05 003.4 207.5  33.0 0.148652 0.260423 0.140282 hargrave 2015-10-08 13:19:09
TT 400 089.5  46.0 089.5  46.0 4.96E-05 001.6 209.2  32.5 0.049681 0.049242 0.141129 hargrave 2015-10-10 16:22:00
TT 425 091.9  45.7 091.9  45.7 4.46E-05 004.9 211.3  32.5 0.208350 0.261525 0.192840 hargrave 2015-10-13 11:09:41
TT 450 092.0  45.6 092.0  45.6 3.99E-05 002.8 211.4  32.4 0.077520 0.040211 0.185176 hargrave 2015-10-13 16:50:54
TT 475 094.4  45.1 094.4  45.1 3.58E-05 003.6 213.5  32.4 0.105164 0.140756 0.162499 hargrave 2015-10-16 18:35:24
TT 500 096.6  44.4 096.6  44.4 3.11E-05 005.0 215.4  32.0 0.160676 0.177525 0.143996 hargrave 2015-10-19 18:27:28
TT 525 095.5  43.9 095.5  43.9 2.72E-05 004.3 214.7  31.3 0.095784 0.133688 0.140293 hargrave 2015-10-20 13:28:54
TT 550 103.3  43.8 103.3  43.8 2.19E-05 002.8 221.1  32.6 0.049658 0.030232 0.102135 hargrave 2015-10-26 14:25:36
TT 560 086.3  39.0 086.3  39.0 1.73E-05 001.2 208.1  25.2 0.049492 0.013544 0.009182 hargrave 2015-10-27 12:16:31
TT 560 085.5  42.0 085.5  42.0 1.76E-05 003.3 206.8  28.0 0.038603 0.047044 0.094675 hargrave 2015-10-29 10:50:37
TT 570 083.0  44.6 083.0  44.6 8.75E-06 001.9 204.3  30.4 0.015736 0.014055 0.029454 hargrave 2015-10-29 16:49:29
TT 575 072.8  60.3 072.8  60.3 2.27E-06 001.9 193.7  45.0 0.005319 0.003354 0.006728 hargrave 2015-10-31 12:21:35
TT 577 055.8  77.8 055.8  77.8 1.12E-06 005.0 181.2  61.8 0.005654 0.009303 0.004905 hargrave 2015-10-31 19:25:57
TT 579 119.3  37.0 119.3  37.0 7.25E-07 006.6 236.9  29.3 0.002819 0.006945 0.005262 hargrave 2015-11-05 12:06:34
