1.826999999999999886e+02 -6.470000000000000284e+01
3.546999999999999886e+02 6.279999999999999716e+01
1.980999999999999943e+02 -6.809999999999999432e+01
3.448000000000000114e+02 6.179999999999999716e+01
1.940000000000000000e+02 -5.650000000000000000e+01
3.500000000000000000e+02 5.610000000000000142e+01
2.141999999999999886e+02 -5.529999999999999716e+01
3.448999999999999773e+02 5.650000000000000000e+01
1.725999999999999943e+02 -7.070000000000000284e+01
3.000000000000000000e+00 6.089999999999999858e+01
1.551999999999999886e+02 -6.020000000000000284e+01
8.400000000000000355e+00 6.509999999999999432e+01
1.835000000000000000e+02 -5.650000000000000000e+01
3.425000000000000000e+02 5.610000000000000142e+01
1.755000000000000000e+02 -5.339999999999999858e+01
3.388999999999999773e+02 7.329999999999999716e+01
1.698000000000000114e+02 -5.689999999999999858e+01
3.471000000000000227e+02 4.589999999999999858e+01
1.831999999999999886e+02 -5.250000000000000000e+01
1.250000000000000000e+01 5.750000000000000000e+01
