MP 18-3 
        192.0  36.0 170.0  42.0   1.0
NRM    250.0 -49.4 124.3 -87.7 4.97E-03 001.7  96.7 -74.1 14.65873 3.521538 0.680801 lowensta 
TT     250.8 -52.8  86.5 -85.0 5.08E-03 002.2  84.9 -75.7 19.07166 5.280349 0.767075 shoemake 
AF     249.8 -54.7  87.3 -83.1 5.12E-03 000.5  77.2 -75.5 2.828954 3.872545 0.765988 lowensta 
AF  20 250.0 -55.5  84.9 -82.3 5.15E-03 000.6  74.0 -75.7 3.668586 4.072214 0.776196 lowensta 
AF  40 250.1 -56.1  83.3 -81.8 5.18E-03 000.6  71.7 -75.8 3.578656 3.975060 0.757419 lowensta 
AF  60 250.1 -56.8  82.5 -81.1 5.21E-03 000.6  68.8 -75.8 3.314301 4.005843 0.759144 lowensta 
AF  80 250.1 -57.7  81.2 -80.2 5.23E-03 000.6  65.0 -75.8 4.215536 3.714461 0.807225 lowensta 
AF 100 249.6 -57.0  83.6 -80.8 5.25E-03 000.5  67.7 -75.5 3.203766 3.748477 0.690558 lowensta 
TT 100 249.1 -56.6  86.2 -81.1 5.25E-03 000.8  69.3 -75.2 6.189972 4.548590 0.761173 shoemake 
TT 150 247.4 -58.3  88.1 -79.3 5.56E-03 000.7  63.3 -74.3 5.898329 2.681305 0.754693 shoemake 
TT 200 247.2 -58.8  87.8 -78.7 5.68E-03 001.0  61.4 -74.1 9.221005 3.569176 0.781163 shoemake 
TT 250 247.1 -59.8  86.3 -77.7 5.70E-03 000.7  57.6 -74.0 4.760465 4.736005 0.596212 shoemake 
TT 300 246.5 -61.8  85.0 -75.8 5.51E-03 001.0  51.1 -73.3 8.662171 4.694687 0.779448 shoemake 
TT 350 245.6 -61.9  86.5 -75.5 5.38E-03 001.8  51.1 -72.8 11.71947 11.57492 0.794721 shoemake 
TT 400 246.0 -62.7  84.7 -74.8 5.35E-03 001.2  48.2 -72.8 9.097815 6.148116 0.816129 shoemake 
TT 450 245.6 -62.4  85.8 -75.0 5.25E-03 001.4  49.3 -72.7 8.327728 9.258457 0.804660 shoemake 
TT 500 246.4 -63.7  83.0 -73.9 5.10E-03 000.5  44.9 -72.6 3.593858 2.511344 0.954588 shoemake 
TT 525 245.9 -62.6  85.1 -74.9 4.99E-03 001.1  48.7 -72.8 8.850235 3.574242 1.045127 shoemake 
TT 550 246.8 -64.3  81.9 -73.3 4.49E-03 000.5  42.7 -72.5 2.946516 2.127648 0.656503 shoemake 
TT 580 244.7 -63.8  85.6 -73.6 3.86E-03 000.4  45.4 -71.9 1.484964 2.330679 0.670747 shoemake 
TT 595 245.8 -64.7  83.0 -72.9 3.83E-03 000.5  42.1 -72.0 1.876191 2.722760 0.730058 shoemake 
TT 610 245.8 -64.1  83.5 -73.4 3.39E-03 000.5  43.8 -72.2 2.124643 2.044036 0.781304 shoemake 
TT 625 245.2 -63.7  85.0 -73.8 3.35E-03 001.5  45.5 -72.1 5.245128 7.003003 0.613684 shoemake 
TT 640 246.6 -64.0  82.4 -73.7 2.56E-03 001.3  43.9 -72.6 4.674927 3.233495 0.425090 shoemake 
TT 655 245.3 -62.9  85.7 -74.6 2.47E-03 000.3  48.1 -72.4 1.108049 0.833516 0.310541 shoemake 
TT 665 244.7 -64.1  85.1 -73.3 1.65E-03 000.8  44.4 -71.8 1.992401 1.210709 0.275650 shoemake 
TT 670 244.7 -63.0  86.6 -74.4 1.66E-03 000.8  48.0 -72.1 2.211594 0.936852 0.317845 shoemake 
