   9.02920   38.76560 2442 AAE 
  42.63900   74.49400 1645 AAK 
  37.93040   58.11890  678 ABKT
  51.88370 -176.68440  116 ADK 
 -13.90930 -171.77730  706 AFI 
  82.50330  -62.35000   60 ALE 
  34.94620 -106.45670 1840 ALQ 
  34.94620 -106.45670 1840 ANMO
  39.86890   32.79359  883 ANTO
  42.35389   13.40500  720 AQU 
  56.43020   58.56250  250 ARU 
  -7.93270  -14.36010  173 ASCN
  32.68000 -116.67200  548 BAR 
 -15.64176  -48.01478 1195 BDFB
  48.33194    8.33111  739 BFO 
   5.17636   18.42422  676 BGCA
  44.80260   20.51580  250 BGY 
  68.06511  166.45239  299 BILL
  40.04030  116.17500   43 BJI 
  40.01830  116.16790  197 BJT 
  45.05250    6.67800 1395 BNI 
   4.58690  -74.04320 3160 BOCO
  64.74740  -21.32680  110 BORG
 -28.61410   25.25553 1280 BOSA
  53.05810   70.28280  330 BRVK
   1.3608   103.7729    64 BTDF
  34.14300 -118.62700    0 CALB
 -35.32083  148.99861  700 CAN 
 -66.27920  110.53640  159 CASY
  38.05570  -91.24460  222 CCM 
  18.79000   98.97690  316 CHTO
  38.03500 -120.38500  719 CMB 
  37.76370  -25.52430  429 CMLA
 -12.19010   96.83490    1 COCO
  64.90000 -147.79330  320 COL 
  64.87380 -147.85110  194 COLA
  44.58570 -123.30320  121 COR 
 -26.33064  -57.33087  105 CPUP
 -20.08820  146.25450  357 CTAO
  36.43988 -118.08016 1553 CWC 
   7.08780  125.57470   85 DAV 
   6.67016   -4.85656  125 DBIC
  33.65000 -117.00900  700 DGR 
  50.35830   16.41110  760 DPC 
  28.11020  -81.4327    20 DWPF
 -51.67530  -58.06370  110 EFI 
  30.27180  109.48680  487 ENH 
  42.01500  143.15720   40 ERM 
  55.31670   -3.20500  242 ESK 
  54.72500 -101.97830  338 FFC 
   8.90300   38.68830 2545 FURI
  39.00000   70.31670 1300 GAR 
  34.33820   9.726500  250 GFA 
  33.05200 -114.82700  627 GLA 
  40.05300   44.72400 1460 GNI 
  35.64940 -117.66190  735 GPO 
  49.69190   11.22170  425 GRFO
  35.30280 -116.80830  990 GSC 
  13.58780  144.86620   14 GUMO
  49.26670  119.74170  610 HIA 
  29.96180  -95.83840 -415 HKT 
  -9.43220  159.94710   72 HNR 
 -54.28360  -36.48790   20 HOPE
  42.50600  -71.55800  180 HRV 
  17.41694   78.55305  510 HYB 
  37.48330  126.63330  420 INCN
  35.34861  137.02900  140 INU 
  35.66300 -118.47330  835 ISA 
  16.73290 -169.52920    2 JOHN
  10.29080  -84.95250  340 JTS 
  -5.01420  119.7517    30 KAPI
  78.92560   11.94170   77 KBS 
  57.78280 -152.58350  152 KDAK
  29.92750   31.82920  460 KEG 
  69.75530   27.00670   80 KEV 
  50.69440   29.20830  163 KIEV
  21.42330 -158.01500   70 KIP 
  43.95530   42.68630 1054 KIV 
  -1.12680   37.25230 1960 KMBO
  25.12330  102.74000 1975 KMI 
  59.64910    9.59820  216 KONO
  14.49670   -4.01400  321 KOWA
  50.71540   78.62020  184 KURK
   8.8019   167.61300    0 KWAJ
 -25.01510   25.59665 1128 LBTB
 -29.01110  -70.70100 2299 LCO 
 -16.28790  -68.13069 4769 LPAZ
  29.70000   91.15000 3789 LSA 
 -15.27660   28.18820 1184 LSZ 
 -22.61280  -68.91130 2195 LVC 
  67.89790   34.65140  630 LVZ 
  36.08670  103.84440 1560 LZH 
  59.57560  150.77000  339 MA2 
  36.54250  138.20731  405 MAJO
  46.80800   81.97700  600 MAKZ
  -0.60190   30.73820 1390 MBAR
  44.61640  129.59190  250 MDJ 
  32.81700   -4.61400  720 MDT 
  37.63100 -118.83400 2170 MLA 
  37.63100 -118.83400 2170 MLAC
  -4.67370   55.47920  475 MSEY
  -1.65570   13.61160  312 MSKU
 -17.73330  178.05000  783 MSVF
  -1.27390   36.80370 1692 NAI 
  34.82300 -114.59600  139 NEE 
  33.65000   73.25120  536 NIL 
 -11.98750  -76.84220  575 NNA 
  69.50490   88.44140   92 NRIL
  54.84040   83.23460  150 NVS 
 -32.92660  117.23330  265 NWAO
  55.11380   36.56870  160 OBN 
  34.61450 -118.72350  706 OSI 
  39.54580   -4.34830  925 PAB 
  34.14830 -118.17170  295 PAS 
  -0.67410  -90.28630  295 PAYG
  53.02350  158.64980  150 PET 
  33.60920 -116.45530 1280 PFO 
  33.60900 -116.45530 1280 PFOT
  33.60900 -116.45530 1280 PFO_
 -40.73277  -70.55083 1050 PLCA
  -9.40920  147.15390   67 PMG 
 -64.77420  -64.04900   10 PMSA
 -25.07283 -130.09467  195 PTCN
  -0.73080  -59.96660  237 PTGA
  19.02940  109.84330  230 QIZ 
  46.04030 -122.88510   11 RAIO
 -21.21250 -159.77330   28 RAR 
  23.52250   45.50320  631 RAYN
  -5.82750  -35.9014   420 RCBR
 -27.12670 -109.33440  110 RPN 
  33.74380 -118.40350  115 RPV 
 -77.84912  166.75729   20 SBA 
  34.44170 -119.71330   90 SBC 
   8.87900  -70.63300 1550 SDV 
  66.99670  -50.61560  365 SFJ 
 -15.95880   -5.74570  537 SHEL
  18.11170  -66.15000  457 SJG 
  32.94900 -115.72000  -50 SMTC
  33.24800 -119.52400  227 SNCC
 -41.31030  174.70461   62 SNZO
 -89.99540  115.00000 2927 SPA 
  45.27917    4.54167  700 SSB 
  31.09510  121.18590   15 SSE 
  40.64010  -77.89140  352 SSPA
 -32.37970   20.81170 1770 SUR 
  34.10450 -117.09700  600 SVD 
  22.79167    5.52700 1395 TAM 
  24.97540  121.48810   53 TATO
 -42.90990  147.32040  132 TAU 
  28.67940  -17.91450  180 TBT 
  20.22640  -88.27660   69 TEIG
  71.64900  128.86650   50 TIXI
  51.68070  103.64380  579 TLY 
  39.88140   -4.04850  480 TOL 
 -19.20220   17.58380 1240 TSUM
  45.66000   13.79000    5 TTE 
  32.30960 -110.78460  874 TUC 
  47.86520  107.05280 1615 ULN 
  19.32900  -99.17800 2270 UNM 
  34.02100 -118.28700   60 USC 
 -77.51724  161.85281  151 VNDA
  39.49600    9.37800  370 VSL 
  34.56700 -117.33300  847 VTV 
  19.28330  166.65359    1 WAKE
  38.22900  -86.29400  638 WCI 
  43.82110   87.69500  903 WMQ 
 -19.93360  134.36000  366 WRAB
  41.19900   79.21800 1457 WUS 
  36.13000  -87.83000  157 WVT 
  34.03130  108.92370  630 XAN 
   2.04485 -157.44531    2 XMAS
  62.03083  129.68117  105 YAK 
  46.95830  142.76100  100 YSS 
